4 VARIABLES

VARIABLE 1 : STATE
VARIABLE 2 : INT
VARIABLE 3 : REAL
VARIABLE 4 : REAL

0 0 0 0 | 0 0 0 0 | 0 0 0 0 | 3 66 90.5 1.3810000419616699 | 1 1 -1.0 -1.0 | 1 3 -1.0 -1.0 | 3 61 78.0 1.31899995803833 | 0 0 0 0 | 1 8 -1.0 -1.0 | 3 46 76.5 0.9869999885559082 | 1 1 -1.0 -1.0 | 1 8 -1.0 -1.0 | 1 2 -1.0 -1.0 | 3 55 94.0 1.3670000076293944 | 1 2 -1.0 -1.0 | 0 0 0 0 | 1 1 -1.0 -1.0 | 1 2 -1.0 -1.0 | 1 1 -1.0 -1.0 | 1 1 -1.0 -1.0 | 1 1 -1.0 -1.0 | 0 0 0 0 | 0 0 0 0 | 0 0 0 0 | 0 0 0 0 | 0 0 0 0 | 0 0 0 0 | 0 0 0 0 | 0 0 0 0 | 0 0 0 0 | 1 1 -1.0 -1.0 | 0 0 0 0 | 0 0 0 0 | 0 0 0 0 | 0 0 0 0 | 0 0 0 0 | 0 0 0 0 | 0 0 0 0 | 0 0 0 0 | 0 0 0 0 | 0 0 0 0 | 0 0 0 0 | 0 0 0 0 | 0 0 0 0 | 0 0 0 0 | 0 0 0 0 | 0 0 0 0 | 0 0 0 0 | 0 0 0 0 | 0 0 0 0 | 0 0 0 0 | 0 0 0 0 | 0 0 0 0 | 0 0 0 0 | 0 0 0 0 | 0 0 0 0 | 0 0 0 0 | 0 0 0 0 | 0 0 0 0 | 0 0 0 0 | 0 0 0 0 | 0 0 0 0 | 0 0 0 0 | 0 0 0 0 | 0 0 0 0 | 0 0 0 0 | 0 0 0 0 | 0 0 0 0 | 0 0 0 0 | 0 0 0 0 | 0 0 0 0 | 0 0 0 0 | 0 0 0 0 | 0 0 0 0 | 0 0 0 0 | 0 0 0 0 | 0 0 0 0 | 0 0 0 0 | 0 0 0 0 | 0 0 0 0 | 0 0 0 0 | 0 0 0 0 | 0 0 0 0 
0 0 0 0 | 0 0 0 0 | 0 0 0 0 | 0 0 0 0 | 0 0 0 0 | 0 0 0 0 | 0 0 0 0 | 0 0 0 0 | 0 0 0 0 | 1 1 -1.0 -1.0 | 1 3 -1.0 -1.0 | 0 0 0 0 | 0 0 0 0 | 0 0 0 0 | 1 4 -1.0 -1.0 | 0 0 0 0 | 1 3 -1.0 -1.0 | 1 2 -1.0 -1.0 | 1 1 -1.0 -1.0 | 0 0 0 0 | 0 0 0 0 | 1 3 -1.0 -1.0 | 1 3 -1.0 -1.0 | 1 3 -1.0 -1.0 | 1 3 -1.0 -1.0 | 1 2 -1.0 -1.0 | 1 1 -1.0 -1.0 | 1 2 -1.0 -1.0 | 0 0 0 0 | 0 0 0 0 | 0 0 0 0 | 0 0 0 0 | 0 0 0 0 | 0 0 0 0 | 0 0 0 0 | 0 0 0 0 | 0 0 0 0 | 0 0 0 0 | 0 0 0 0 | 0 0 0 0 | 0 0 0 0 | 0 0 0 0 | 0 0 0 0 | 0 0 0 0 | 0 0 0 0 | 0 0 0 0 | 0 0 0 0 | 0 0 0 0 | 0 0 0 0 | 0 0 0 0 | 0 0 0 0 | 0 0 0 0 | 0 0 0 0 | 0 0 0 0 | 0 0 0 0 | 0 0 0 0 | 0 0 0 0 | 0 0 0 0 | 0 0 0 0 | 0 0 0 0 | 0 0 0 0 | 0 0 0 0 | 0 0 0 0 | 0 0 0 0 | 0 0 0 0 | 0 0 0 0 | 0 0 0 0 | 0 0 0 0 | 0 0 0 0 | 0 0 0 0 | 0 0 0 0 | 0 0 0 0 | 0 0 0 0 | 0 0 0 0 | 0 0 0 0 | 0 0 0 0 | 0 0 0 0 | 0 0 0 0 | 0 0 0 0 | 0 0 0 0 | 0 0 0 0 | 0 0 0 0 
1 3 -1.0 -1.0 | 0 0 0 0 | 0 0 0 0 | 0 0 0 0 | 1 2 -1.0 -1.0 | 1 2 -1.0 -1.0 | 1 4 -1.0 -1.0 | 3 69 105.0 1.9739999771118164 | 1 1 -1.0 -1.0 | 3 60 86.0 1.2029999732971191 | 1 2 -1.0 -1.0 | 1 2 -1.0 -1.0 | 1 1 -1.0 -1.0 | 1 1 -1.0 -1.0 | 1 3 -1.0 -1.0 | 0 0 0 0 | 0 0 0 0 | 0 0 0 0 | 0 0 0 0 | 1 1 -1.0 -1.0 | 0 0 0 0 | 0 0 0 0 | 0 0 0 0 | 0 0 0 0 | 0 0 0 0 | 0 0 0 0 | 0 0 0 0 | 0 0 0 0 | 0 0 0 0 | 0 0 0 0 | 0 0 0 0 | 0 0 0 0 | 0 0 0 0 | 0 0 0 0 | 0 0 0 0 | 0 0 0 0 | 0 0 0 0 | 0 0 0 0 | 0 0 0 0 | 0 0 0 0 | 0 0 0 0 | 0 0 0 0 | 0 0 0 0 | 0 0 0 0 | 1 2 -1.0 -1.0 | 0 0 0 0 | 3 40 65.0 1.0810000419616699 | 1 2 -1.0 -1.0 | 0 0 0 0 | 0 0 0 0 | 0 0 0 0 | 0 0 0 0 | 0 0 0 0 | 0 0 0 0 | 0 0 0 0 | 0 0 0 0 | 0 0 0 0 | 0 0 0 0 | 0 0 0 0 | 0 0 0 0 | 0 0 0 0 | 0 0 0 0 | 0 0 0 0 | 0 0 0 0 | 0 0 0 0 | 0 0 0 0 | 0 0 0 0 | 0 0 0 0 | 0 0 0 0 | 0 0 0 0 | 0 0 0 0 | 0 0 0 0 | 0 0 0 0 | 0 0 0 0 | 0 0 0 0 | 0 0 0 0 | 0 0 0 0 | 0 0 0 0 | 0 0 0 0 | 0 0 0 0 | 0 0 0 0 | 0 0 0 0 | 0 0 0 0 | 0 0 0 0 
0 0 0 0 | 0 0 0 0 | 1 5 -1.0 -1.0 | 1 1 -1.0 -1.0 | 1 6 -1.0 -1.0 | 3 16 21.0 0.54200000762939449 | 3 66 96.0 1.6229999542236329 | 3 57 87.0 1.3779999732971191 | 3 24 25.0 0.68000001907348628 | 3 58 93.0 1.4289999961853028 | 3 25 29.0 0.65000000000000002 | 3 36 85.0 1.325 | 1 5 -1.0 -1.0 | 1 8 -1.0 -1.0 | 1 3 -1.0 -1.0 | 1 3 -1.0 -1.0 | 1 1 -1.0 -1.0 | 0 0 0 0 | 0 0 0 0 | 0 0 0 0 | 0 0 0 0 | 0 0 0 0 | 0 0 0 0 | 3 36 66.0 0.92500000000000004 | 3 68 135.5 1.9389999389648438 | 0 0 0 0 | 0 0 0 0 | 0 0 0 0 | 0 0 0 0 | 0 0 0 0 | 0 0 0 0 | 0 0 0 0 | 0 0 0 0 | 0 0 0 0 | 0 0 0 0 | 0 0 0 0 | 0 0 0 0 | 0 0 0 0 | 0 0 0 0 | 0 0 0 0 | 0 0 0 0 | 0 0 0 0 | 0 0 0 0 | 0 0 0 0 | 0 0 0 0 | 0 0 0 0 | 0 0 0 0 | 2 11 13.0 0.48499999046325681 | 3 68 135.5 1.9389999389648438 | 3 17 28.0 0.64299998283386228 | 0 0 0 0 | 0 0 0 0 | 0 0 0 0 | 0 0 0 0 | 0 0 0 0 | 0 0 0 0 | 0 0 0 0 | 0 0 0 0 | 0 0 0 0 | 0 0 0 0 | 0 0 0 0 | 0 0 0 0 | 0 0 0 0 | 0 0 0 0 | 0 0 0 0 | 0 0 0 0 | 0 0 0 0 | 0 0 0 0 
0 0 0 0 | 0 0 0 0 | 0 0 0 0 | 0 0 0 0 | 0 0 0 0 | 1 1 -1.0 -1.0 | 1 1 -1.0 -1.0 | 0 0 0 0 | 3 50 68.0 0.93299999237060549 | 1 4 -1.0 -1.0 | 3 64 100.0 1.4430000305175781 | 3 51 66.0 1.1270000457763671 | 3 64 104.0 1.3239999771118165 | 3 59 89.0 1.2340000152587891 | 1 4 -1.0 -1.0 | 1 4 -1.0 -1.0 | 2 10 5.5 0.45000000000000001 | 1 1 -1.0 -1.0 | 1 1 -1.0 -1.0 | 0 0 0 0 | 0 0 0 0 | 0 0 0 0 | 0 0 0 0 | 0 0 0 0 | 0 0 0 0 | 0 0 0 0 | 0 0 0 0 | 0 0 0 0 | 0 0 0 0 | 0 0 0 0 | 0 0 0 0 | 0 0 0 0 | 0 0 0 0 | 0 0 0 0 | 0 0 0 0 | 0 0 0 0 | 0 0 0 0 | 0 0 0 0 | 0 0 0 0 | 0 0 0 0 | 0 0 0 0 | 0 0 0 0 | 1 2 -1.0 -1.0 | 1 3 -1.0 -1.0 | 1 2 -1.0 -1.0 | 1 2 -1.0 -1.0 | 1 1 -1.0 -1.0 | 0 0 0 0 | 0 0 0 0 | 0 0 0 0 | 0 0 0 0 | 0 0 0 0 | 0 0 0 0 | 0 0 0 0 | 0 0 0 0 | 0 0 0 0 | 0 0 0 0 | 0 0 0 0 | 0 0 0 0 | 0 0 0 0 | 0 0 0 0 | 0 0 0 0 | 0 0 0 0 | 0 0 0 0 | 0 0 0 0 | 0 0 0 0 | 0 0 0 0 | 0 0 0 0 | 0 0 0 0 | 0 0 0 0 | 0 0 0 0 | 0 0 0 0 | 0 0 0 0 | 0 0 0 0 | 0 0 0 0 | 0 0 0 0 | 0 0 0 0 | 0 0 0 0 | 0 0 0 0 | 0 0 0 0 | 0 0 0 0 | 0 0 0 0 | 0 0 0 0 | 0 0 0 0 | 0 0 0 0 
0 0 0 0 | 0 0 0 0 | 3 56 90.0 1.5810000419616699 | 1 3 -1.0 -1.0 | 3 57 86.0 1.4239999771118164 | 3 56 85.0 1.3300000190734864 | 0 0 0 0 | 3 54 84.0 1.31899995803833 | 0 0 0 0 | 2 9 7.0 0.49299998283386232 | 1 2 -1.0 -1.0 | 3 47 69.0 1.1329999923706056 | 1 1 -1.0 -1.0 | 1 1 -1.0 -1.0 | 3 50 89.0 1.4789999961853026 | 1 1 -1.0 -1.0 | 1 1 -1.0 -1.0 | 1 1 -1.0 -1.0 | 1 1 -1.0 -1.0 | 0 0 0 0 | 0 0 0 0 | 0 0 0 0 | 0 0 0 0 | 0 0 0 0 | 0 0 0 0 | 0 0 0 0 | 0 0 0 0 | 0 0 0 0 | 0 0 0 0 | 0 0 0 0 | 0 0 0 0 | 0 0 0 0 | 0 0 0 0 | 0 0 0 0 | 0 0 0 0 | 0 0 0 0 | 0 0 0 0 | 0 0 0 0 | 0 0 0 0 | 0 0 0 0 | 0 0 0 0 | 0 0 0 0 | 0 0 0 0 | 0 0 0 0 | 0 0 0 0 | 0 0 0 0 | 0 0 0 0 | 0 0 0 0 | 0 0 0 0 | 0 0 0 0 | 0 0 0 0 | 0 0 0 0 | 0 0 0 0 | 0 0 0 0 | 0 0 0 0 | 0 0 0 0 | 0 0 0 0 | 0 0 0 0 | 0 0 0 0 | 0 0 0 0 | 0 0 0 0 | 0 0 0 0 | 0 0 0 0 | 0 0 0 0 | 0 0 0 0 | 0 0 0 0 | 0 0 0 0 | 0 0 0 0 | 0 0 0 0 | 0 0 0 0 | 0 0 0 0 | 0 0 0 0 | 0 0 0 0 
0 0 0 0 | 0 0 0 0 | 1 2 -1.0 -1.0 | 1 6 -1.0 -1.0 | 0 0 0 0 | 3 62 94.0 1.4449999809265137 | 1 6 -1.0 -1.0 | 3 61 114.5 1.8090000152587891 | 2 8 15.0 0.51599998474121089 | 0 0 0 0 | 3 59 107.0 1.5859999656677246 | 3 55 71.0 1.2449999809265138 | 1 2 -1.0 -1.0 | 1 3 -1.0 -1.0 | 1 2 -1.0 -1.0 | 1 2 -1.0 -1.0 | 1 3 -1.0 -1.0 | 1 2 -1.0 -1.0 | 1 2 -1.0 -1.0 | 1 1 -1.0 -1.0 | 1 1 -1.0 -1.0 | 0 0 0 0 | 0 0 0 0 | 0 0 0 0 | 0 0 0 0 | 0 0 0 0 | 0 0 0 0 | 0 0 0 0 | 0 0 0 0 | 0 0 0 0 | 0 0 0 0 | 0 0 0 0 | 0 0 0 0 | 0 0 0 0 | 0 0 0 0 | 0 0 0 0 | 0 0 0 0 | 0 0 0 0 | 0 0 0 0 | 0 0 0 0 | 0 0 0 0 | 0 0 0 0 | 0 0 0 0 | 1 1 -1.0 -1.0 | 0 0 0 0 | 0 0 0 0 | 0 0 0 0 | 0 0 0 0 | 0 0 0 0 | 0 0 0 0 | 0 0 0 0 | 0 0 0 0 | 0 0 0 0 | 0 0 0 0 | 0 0 0 0 | 0 0 0 0 | 0 0 0 0 | 0 0 0 0 | 0 0 0 0 | 0 0 0 0 | 0 0 0 0 | 0 0 0 0 | 0 0 0 0 | 0 0 0 0 | 0 0 0 0 | 0 0 0 0 | 0 0 0 0 | 0 0 0 0 | 0 0 0 0 | 0 0 0 0 | 0 0 0 0 | 0 0 0 0 | 0 0 0 0 | 0 0 0 0 | 0 0 0 0 | 0 0 0 0 | 0 0 0 0 | 0 0 0 0 | 0 0 0 0 | 0 0 0 0 | 0 0 0 0 | 0 0 0 0 
0 0 0 0 | 1 1 -1.0 -1.0 | 0 0 0 0 | 3 72 110.0 1.7459999084472657 | 0 0 0 0 | 1 8 -1.0 -1.0 | 3 59 93.0 1.2350000381469726 | 1 4 -1.0 -1.0 | 3 62 101.0 1.4199999809265136 | 3 59 88.0 1.2550000190734862 | 3 50 19.0 1.2340000152587891 | 3 55 80.0 1.0970000267028808 | 3 47 65.0 0.96599998474121096 | 3 50 88.0 1.3260000228881836 | 2 7 5.5 0.46300001144409181 | 1 2 -1.0 -1.0 | 1 2 -1.0 -1.0 | 1 2 -1.0 -1.0 | 1 2 -1.0 -1.0 | 1 1 -1.0 -1.0 | 1 1 -1.0 -1.0 | 0 0 0 0 | 0 0 0 0 | 0 0 0 0 | 0 0 0 0 | 0 0 0 0 | 0 0 0 0 | 0 0 0 0 | 0 0 0 0 | 0 0 0 0 | 0 0 0 0 | 0 0 0 0 | 0 0 0 0 | 0 0 0 0 | 0 0 0 0 | 0 0 0 0 | 0 0 0 0 | 0 0 0 0 | 0 0 0 0 | 0 0 0 0 | 0 0 0 0 | 0 0 0 0 | 0 0 0 0 | 0 0 0 0 | 0 0 0 0 | 0 0 0 0 | 0 0 0 0 | 0 0 0 0 | 0 0 0 0 | 0 0 0 0 | 0 0 0 0 | 0 0 0 0 | 0 0 0 0 | 0 0 0 0 | 0 0 0 0 | 0 0 0 0 | 0 0 0 0 | 0 0 0 0 | 0 0 0 0 | 0 0 0 0 | 0 0 0 0 | 0 0 0 0 | 0 0 0 0 | 0 0 0 0 | 0 0 0 0 | 0 0 0 0 | 0 0 0 0 | 0 0 0 0 | 0 0 0 0 | 0 0 0 0 | 0 0 0 0 | 0 0 0 0 | 0 0 0 0 | 0 0 0 0 | 0 0 0 0 | 0 0 0 0 | 0 0 0 0 | 0 0 0 0 | 0 0 0 0 
0 0 0 0 | 0 0 0 0 | 0 0 0 0 | 1 2 -1.0 -1.0 | 0 0 0 0 | 1 1 -1.0 -1.0 | 1 1 -1.0 -1.0 | 0 0 0 0 | 1 2 -1.0 -1.0 | 1 2 -1.0 -1.0 | 0 0 0 0 | 0 0 0 0 | 1 2 -1.0 -1.0 | 1 1 -1.0 -1.0 | 1 1 -1.0 -1.0 | 1 1 -1.0 -1.0 | 0 0 0 0 | 0 0 0 0 | 0 0 0 0 | 0 0 0 0 | 0 0 0 0 | 0 0 0 0 | 0 0 0 0 | 0 0 0 0 | 0 0 0 0 | 0 0 0 0 | 0 0 0 0 | 0 0 0 0 | 0 0 0 0 | 0 0 0 0 | 0 0 0 0 | 0 0 0 0 | 0 0 0 0 | 0 0 0 0 | 0 0 0 0 | 0 0 0 0 | 0 0 0 0 | 0 0 0 0 | 0 0 0 0 | 0 0 0 0 | 0 0 0 0 | 0 0 0 0 | 0 0 0 0 | 0 0 0 0 | 0 0 0 0 | 0 0 0 0 | 3 32 46.0 1.0060000419616699 | 0 0 0 0 | 0 0 0 0 | 0 0 0 0 | 0 0 0 0 | 0 0 0 0 | 0 0 0 0 | 0 0 0 0 | 0 0 0 0 | 0 0 0 0 | 0 0 0 0 | 0 0 0 0 | 0 0 0 0 | 0 0 0 0 | 0 0 0 0 | 0 0 0 0 | 0 0 0 0 | 0 0 0 0 | 1 4 -1.0 -1.0 | 1 2 -1.0 -1.0 | 0 0 0 0 | 0 0 0 0 | 0 0 0 0 | 0 0 0 0 | 0 0 0 0 | 0 0 0 0 | 0 0 0 0 | 0 0 0 0 | 0 0 0 0 | 0 0 0 0 | 0 0 0 0 | 0 0 0 0 | 0 0 0 0 | 0 0 0 0 
0 0 0 0 | 0 0 0 0 | 3 66 102.0 1.6479999542236328 | 1 3 -1.0 -1.0 | 1 7 -1.0 -1.0 | 3 61 94.0 1.6219999313354492 | 1 3 -1.0 -1.0 | 2 12 5.5 0.48099999427795409 | 3 58 82.0 1.1529999732971192 | 1 6 -1.0 -1.0 | 2 11 5.0 0.48800001144409177 | 1 4 -1.0 -1.0 | 1 3 -1.0 -1.0 | 1 2 -1.0 -1.0 | 1 1 -1.0 -1.0 | 0 0 0 0 | 0 0 0 0 | 0 0 0 0 | 0 0 0 0 | 0 0 0 0 | 0 0 0 0 | 0 0 0 0 | 0 0 0 0 | 0 0 0 0 | 1 1 -1.0 -1.0 | 0 0 0 0 | 0 0 0 0 | 0 0 0 0 | 0 0 0 0 | 1 1 -1.0 -1.0 | 0 0 0 0 | 0 0 0 0 | 0 0 0 0 | 0 0 0 0 | 0 0 0 0 | 0 0 0 0 | 0 0 0 0 | 0 0 0 0 | 0 0 0 0 | 0 0 0 0 | 0 0 0 0 | 0 0 0 0 | 0 0 0 0 | 1 1 -1.0 -1.0 | 1 1 -1.0 -1.0 | 1 2 -1.0 -1.0 | 1 1 -1.0 -1.0 | 0 0 0 0 | 0 0 0 0 | 0 0 0 0 | 0 0 0 0 | 0 0 0 0 | 0 0 0 0 | 0 0 0 0 | 0 0 0 0 | 0 0 0 0 | 0 0 0 0 | 0 0 0 0 | 0 0 0 0 | 0 0 0 0 | 0 0 0 0 | 0 0 0 0 | 0 0 0 0 | 0 0 0 0 | 0 0 0 0 | 0 0 0 0 | 0 0 0 0 | 0 0 0 0 | 0 0 0 0 | 0 0 0 0 | 0 0 0 0 | 0 0 0 0 | 0 0 0 0 | 0 0 0 0 | 0 0 0 0 | 0 0 0 0 | 0 0 0 0 | 0 0 0 0 | 0 0 0 0 | 0 0 0 0 | 0 0 0 0 | 0 0 0 0 | 0 0 0 0 | 0 0 0 0 | 0 0 0 0 
0 0 0 0 | 0 0 0 0 | 1 1 -1.0 -1.0 | 0 0 0 0 | 3 63 98.0 1.5789999961853027 | 0 0 0 0 | 3 56 79.0 1.1420000076293946 | 3 62 99.0 1.9469999313354491 | 1 3 -1.0 -1.0 | 3 48 70.0 1.1859999656677247 | 1 6 -1.0 -1.0 | 1 6 -1.0 -1.0 | 1 6 -1.0 -1.0 | 1 1 -1.0 -1.0 | 1 5 -1.0 -1.0 | 1 2 -1.0 -1.0 | 0 0 0 0 | 0 0 0 0 | 0 0 0 0 | 0 0 0 0 | 0 0 0 0 | 0 0 0 0 | 0 0 0 0 | 0 0 0 0 | 0 0 0 0 | 0 0 0 0 | 0 0 0 0 | 0 0 0 0 | 0 0 0 0 | 0 0 0 0 | 0 0 0 0 | 0 0 0 0 | 0 0 0 0 | 0 0 0 0 | 0 0 0 0 | 0 0 0 0 | 0 0 0 0 | 0 0 0 0 | 0 0 0 0 | 0 0 0 0 | 0 0 0 0 | 0 0 0 0 | 0 0 0 0 | 1 1 -1.0 -1.0 | 1 1 -1.0 -1.0 | 1 1 -1.0 -1.0 | 0 0 0 0 | 0 0 0 0 | 0 0 0 0 | 0 0 0 0 | 0 0 0 0 | 0 0 0 0 | 0 0 0 0 | 0 0 0 0 | 0 0 0 0 | 0 0 0 0 | 0 0 0 0 | 0 0 0 0 | 0 0 0 0 | 0 0 0 0 | 0 0 0 0 | 0 0 0 0 | 0 0 0 0 | 0 0 0 0 | 0 0 0 0 | 0 0 0 0 | 0 0 0 0 | 0 0 0 0 | 0 0 0 0 | 0 0 0 0 | 0 0 0 0 | 0 0 0 0 | 0 0 0 0 | 0 0 0 0 | 0 0 0 0 | 0 0 0 0 | 0 0 0 0 | 0 0 0 0 | 0 0 0 0 | 0 0 0 0 
0 0 0 0 | 0 0 0 0 | 0 0 0 0 | 0 0 0 0 | 3 52 72.0 1.0720000267028809 | 1 3 -1.0 -1.0 | 3 59 94.0 1.5939999580383302 | 1 4 -1.0 -1.0 | 1 1 -1.0 -1.0 | 1 3 -1.0 -1.0 | 1 2 -1.0 -1.0 | 1 2 -1.0 -1.0 | 1 2 -1.0 -1.0 | 1 1 -1.0 -1.0 | 1 1 -1.0 -1.0 | 0 0 0 0 | 0 0 0 0 | 0 0 0 0 | 0 0 0 0 | 0 0 0 0 | 0 0 0 0 | 0 0 0 0 | 0 0 0 0 | 0 0 0 0 | 0 0 0 0 | 0 0 0 0 | 0 0 0 0 | 0 0 0 0 | 0 0 0 0 | 0 0 0 0 | 0 0 0 0 | 0 0 0 0 | 0 0 0 0 | 0 0 0 0 | 0 0 0 0 | 0 0 0 0 | 0 0 0 0 | 0 0 0 0 | 0 0 0 0 | 0 0 0 0 | 0 0 0 0 | 0 0 0 0 | 0 0 0 0 | 0 0 0 0 | 0 0 0 0 | 0 0 0 0 | 1 1 -1.0 -1.0 | 0 0 0 0 | 0 0 0 0 | 0 0 0 0 | 0 0 0 0 | 0 0 0 0 | 0 0 0 0 | 0 0 0 0 | 0 0 0 0 | 0 0 0 0 | 0 0 0 0 | 0 0 0 0 | 0 0 0 0 | 0 0 0 0 | 0 0 0 0 | 0 0 0 0 | 0 0 0 0 | 0 0 0 0 | 0 0 0 0 | 0 0 0 0 | 0 0 0 0 | 0 0 0 0 | 0 0 0 0 | 0 0 0 0 | 0 0 0 0 | 0 0 0 0 | 0 0 0 0 | 0 0 0 0 | 0 0 0 0 | 0 0 0 0 | 0 0 0 0 | 0 0 0 0 | 0 0 0 0 | 0 0 0 0 | 0 0 0 0 
0 0 0 0 | 3 69 100.0 1.4300000190734863 | 1 3 -1.0 -1.0 | 1 1 -1.0 -1.0 | 3 59 100.0 1.5140000343322755 | 0 0 0 0 | 1 6 -1.0 -1.0 | 2 15 6.0 0.50500001907348635 | 3 63 101.0 1.3279999732971191 | 3 64 101.0 1.5680000305175781 | 3 48 80.0 1.3020000457763672 | 3 80 153.0 2.3819999694824219 | 0 0 0 0 | 0 0 0 0 | 0 0 0 0 | 0 0 0 0 | 1 1 -1.0 -1.0 | 0 0 0 0 | 0 0 0 0 | 0 0 0 0 | 0 0 0 0 | 0 0 0 0 | 0 0 0 0 | 0 0 0 0 | 0 0 0 0 | 0 0 0 0 | 0 0 0 0 | 0 0 0 0 | 0 0 0 0 | 0 0 0 0 | 0 0 0 0 | 0 0 0 0 | 0 0 0 0 | 0 0 0 0 | 0 0 0 0 | 0 0 0 0 | 1 1 -1.0 -1.0 | 1 1 -1.0 -1.0 | 0 0 0 0 | 0 0 0 0 | 0 0 0 0 | 0 0 0 0 | 0 0 0 0 | 0 0 0 0 | 0 0 0 0 | 0 0 0 0 | 0 0 0 0 | 0 0 0 0 | 0 0 0 0 | 0 0 0 0 | 0 0 0 0 | 0 0 0 0 | 0 0 0 0 | 0 0 0 0 | 0 0 0 0 | 0 0 0 0 | 0 0 0 0 | 0 0 0 0 | 0 0 0 0 | 0 0 0 0 | 0 0 0 0 | 0 0 0 0 | 0 0 0 0 | 0 0 0 0 | 0 0 0 0 | 0 0 0 0 | 0 0 0 0 | 0 0 0 0 | 0 0 0 0 | 0 0 0 0 | 0 0 0 0 | 0 0 0 0 | 0 0 0 0 | 0 0 0 0 | 0 0 0 0 | 0 0 0 0 | 0 0 0 0 | 0 0 0 0 | 0 0 0 0 | 0 0 0 0 
0 0 0 0 | 1 1 -1.0 -1.0 | 1 5 -1.0 -1.0 | 2 18 10.0 0.58400001525878908 | 3 58 91.0 1.6020000457763672 | 3 39 43.0 0.84999999999999998 | 3 45 77.0 1.2359999656677245 | 3 49 80.0 1.35600004196167 | 2 11 8.0 0.4309999942779541 | 3 44 58.0 1.0069999694824219 | 3 44 67.0 1.0069999694824219 | 3 46 72.0 1.2529999732971191 | 1 3 -1.0 -1.0 | 1 3 -1.0 -1.0 | 1 2 -1.0 -1.0 | 1 1 -1.0 -1.0 | 1 1 -1.0 -1.0 | 1 1 -1.0 -1.0 | 1 1 -1.0 -1.0 | 0 0 0 0 | 0 0 0 0 | 0 0 0 0 | 0 0 0 0 | 0 0 0 0 | 3 70 123.0 2.397999954223633 | 3 44 71.0 0.97499999999999998 | 0 0 0 0 | 0 0 0 0 | 0 0 0 0 | 0 0 0 0 | 0 0 0 0 | 0 0 0 0 | 0 0 0 0 | 1 1 -1.0 -1.0 | 0 0 0 0 | 0 0 0 0 | 0 0 0 0 | 0 0 0 0 | 0 0 0 0 | 0 0 0 0 | 0 0 0 0 | 0 0 0 0 | 0 0 0 0 | 0 0 0 0 | 0 0 0 0 | 0 0 0 0 | 0 0 0 0 | 0 0 0 0 | 0 0 0 0 | 0 0 0 0 | 0 0 0 0 | 0 0 0 0 | 0 0 0 0 | 0 0 0 0 | 0 0 0 0 | 0 0 0 0 | 0 0 0 0 | 0 0 0 0 | 0 0 0 0 | 0 0 0 0 | 0 0 0 0 | 0 0 0 0 | 0 0 0 0 | 0 0 0 0 | 0 0 0 0 | 0 0 0 0 | 0 0 0 0 | 0 0 0 0 | 0 0 0 0 | 0 0 0 0 
0 0 0 0 | 0 0 0 0 | 1 1 -1.0 -1.0 | 3 51 84.0 1.3119999885559082 | 0 0 0 0 | 3 52 83.0 1.209000015258789 | 1 2 -1.0 -1.0 | 1 1 -1.0 -1.0 | 2 12 8.0 0.61599998474121098 | 3 50 90.0 1.3920000076293946 | 1 3 -1.0 -1.0 | 1 6 -1.0 -1.0 | 3 38 74.0 0.91400003433227539 | 0 0 0 0 | 3 52 92.0 1.4329999923706054 | 3 52 91.0 1.3710000038146972 | 3 73 152.0 2.3840000152587892 | 0 0 0 0 | 0 0 0 0 | 0 0 0 0 | 0 0 0 0 | 1 1 -1.0 -1.0 | 1 1 -1.0 -1.0 | 0 0 0 0 | 0 0 0 0 | 1 1 -1.0 -1.0 | 1 1 -1.0 -1.0 | 0 0 0 0 | 0 0 0 0 | 0 0 0 0 | 0 0 0 0 | 0 0 0 0 | 0 0 0 0 | 0 0 0 0 | 1 1 -1.0 -1.0 | 0 0 0 0 | 0 0 0 0 | 0 0 0 0 | 0 0 0 0 | 0 0 0 0 | 0 0 0 0 | 0 0 0 0 | 0 0 0 0 | 0 0 0 0 | 0 0 0 0 | 0 0 0 0 | 0 0 0 0 | 0 0 0 0 | 0 0 0 0 | 0 0 0 0 | 0 0 0 0 | 0 0 0 0 | 0 0 0 0 | 0 0 0 0 | 0 0 0 0 | 0 0 0 0 | 0 0 0 0 | 0 0 0 0 | 0 0 0 0 | 0 0 0 0 | 0 0 0 0 | 0 0 0 0 | 0 0 0 0 | 0 0 0 0 | 0 0 0 0 | 0 0 0 0 | 0 0 0 0 | 0 0 0 0 | 0 0 0 0 | 0 0 0 0 | 0 0 0 0 | 0 0 0 0 | 0 0 0 0 
0 0 0 0 | 0 0 0 0 | 1 2 -1.0 -1.0 | 1 3 -1.0 -1.0 | 0 0 0 0 | 0 0 0 0 | 3 53 78.0 1.5829999923706055 | 0 0 0 0 | 1 8 -1.0 -1.0 | 2 11 5.5 0.50799999237060545 | 0 0 0 0 | 3 60 94.0 1.8100000381469727 | 1 2 -1.0 -1.0 | 1 3 -1.0 -1.0 | 1 3 -1.0 -1.0 | 1 2 -1.0 -1.0 | 1 2 -1.0 -1.0 | 1 1 -1.0 -1.0 | 1 1 -1.0 -1.0 | 1 1 -1.0 -1.0 | 0 0 0 0 | 0 0 0 0 | 0 0 0 0 | 0 0 0 0 | 0 0 0 0 | 0 0 0 0 | 0 0 0 0 | 0 0 0 0 | 0 0 0 0 | 0 0 0 0 | 0 0 0 0 | 0 0 0 0 | 0 0 0 0 | 0 0 0 0 | 0 0 0 0 | 0 0 0 0 | 0 0 0 0 | 0 0 0 0 | 0 0 0 0 | 0 0 0 0 | 0 0 0 0 | 1 1 -1.0 -1.0 | 1 2 -1.0 -1.0 | 0 0 0 0 | 0 0 0 0 | 0 0 0 0 | 0 0 0 0 | 0 0 0 0 | 0 0 0 0 | 0 0 0 0 | 0 0 0 0 | 0 0 0 0 | 0 0 0 0 | 0 0 0 0 | 0 0 0 0 | 0 0 0 0 | 0 0 0 0 | 0 0 0 0 | 0 0 0 0 | 0 0 0 0 | 0 0 0 0 | 0 0 0 0 | 0 0 0 0 | 0 0 0 0 | 0 0 0 0 | 0 0 0 0 | 0 0 0 0 | 0 0 0 0 | 0 0 0 0 | 0 0 0 0 | 0 0 0 0 | 0 0 0 0 | 0 0 0 0 | 0 0 0 0 | 0 0 0 0 | 0 0 0 0 | 0 0 0 0 | 0 0 0 0 | 0 0 0 0 | 0 0 0 0 
0 0 0 0 | 0 0 0 0 | 1 1 -1.0 -1.0 | 0 0 0 0 | 0 0 0 0 | 3 47 62.0 1.0210000038146974 | 1 1 -1.0 -1.0 | 1 2 -1.0 -1.0 | 0 0 0 0 | 0 0 0 0 | 3 53 85.0 1.1630000114440917 | 3 60 102.0 1.4170000076293945 | 3 55 81.0 1.1499999999999999 | 3 57 89.0 1.0760000228881836 | 3 71 116.0 1.9409999847412109 | 0 0 0 0 | 0 0 0 0 | 0 0 0 0 | 1 1 -1.0 -1.0 | 1 1 -1.0 -1.0 | 0 0 0 0 | 0 0 0 0 | 0 0 0 0 | 0 0 0 0 | 0 0 0 0 | 0 0 0 0 | 0 0 0 0 | 0 0 0 0 | 1 1 -1.0 -1.0 | 0 0 0 0 | 0 0 0 0 | 0 0 0 0 | 0 0 0 0 | 0 0 0 0 | 0 0 0 0 | 0 0 0 0 | 0 0 0 0 | 0 0 0 0 | 0 0 0 0 | 0 0 0 0 | 0 0 0 0 | 0 0 0 0 | 0 0 0 0 | 0 0 0 0 | 0 0 0 0 | 0 0 0 0 | 0 0 0 0 | 0 0 0 0 | 0 0 0 0 | 0 0 0 0 | 0 0 0 0 | 0 0 0 0 | 0 0 0 0 | 0 0 0 0 | 0 0 0 0 | 0 0 0 0 | 0 0 0 0 | 0 0 0 0 | 0 0 0 0 | 0 0 0 0 | 0 0 0 0 | 0 0 0 0 | 0 0 0 0 | 0 0 0 0 | 0 0 0 0 | 0 0 0 0 | 0 0 0 0 | 0 0 0 0 | 0 0 0 0 | 0 0 0 0 | 0 0 0 0 
0 0 0 0 | 0 0 0 0 | 3 62 101.0 1.7200000762939454 | 0 0 0 0 | 1 1 -1.0 -1.0 | 1 4 -1.0 -1.0 | 1 1 -1.0 -1.0 | 0 0 0 0 | 0 0 0 0 | 0 0 0 0 | 1 2 -1.0 -1.0 | 1 2 -1.0 -1.0 | 0 0 0 0 | 0 0 0 0 | 1 2 -1.0 -1.0 | 1 2 -1.0 -1.0 | 0 0 0 0 | 0 0 0 0 | 0 0 0 0 | 0 0 0 0 | 0 0 0 0 | 0 0 0 0 | 0 0 0 0 | 0 0 0 0 | 0 0 0 0 | 0 0 0 0 | 0 0 0 0 | 0 0 0 0 | 0 0 0 0 | 0 0 0 0 | 0 0 0 0 | 0 0 0 0 | 0 0 0 0 | 0 0 0 0 | 0 0 0 0 | 0 0 0 0 | 0 0 0 0 | 0 0 0 0 | 0 0 0 0 | 0 0 0 0 | 0 0 0 0 | 0 0 0 0 | 0 0 0 0 | 0 0 0 0 | 0 0 0 0 | 0 0 0 0 | 0 0 0 0 | 0 0 0 0 | 0 0 0 0 | 0 0 0 0 | 0 0 0 0 | 0 0 0 0 | 0 0 0 0 | 0 0 0 0 | 0 0 0 0 | 0 0 0 0 | 0 0 0 0 | 0 0 0 0 | 0 0 0 0 | 0 0 0 0 | 0 0 0 0 | 0 0 0 0 | 0 0 0 0 | 0 0 0 0 | 0 0 0 0 | 0 0 0 0 | 0 0 0 0 | 0 0 0 0 | 0 0 0 0 | 0 0 0 0 | 0 0 0 0 | 0 0 0 0 | 0 0 0 0 | 0 0 0 0 | 0 0 0 0 | 0 0 0 0 | 0 0 0 0 | 0 0 0 0 | 0 0 0 0 | 0 0 0 0 | 0 0 0 0 | 0 0 0 0 
0 0 0 0 | 0 0 0 0 | 0 0 0 0 | 3 58 80.0 1.3090000152587891 | 0 0 0 0 | 1 4 -1.0 -1.0 | 0 0 0 0 | 1 2 -1.0 -1.0 | 3 58 87.0 1.3670000076293944 | 1 1 -1.0 -1.0 | 1 1 -1.0 -1.0 | 1 2 -1.0 -1.0 | 1 1 -1.0 -1.0 | 0 0 0 0 | 0 0 0 0 | 0 0 0 0 | 0 0 0 0 | 0 0 0 0 | 0 0 0 0 | 0 0 0 0 | 0 0 0 0 | 3 44 69.0 0.97499999999999998 | 3 76 143.0 2.1850000381469727 | 0 0 0 0 | 3 39 62.0 1.2289999961853026 | 0 0 0 0 | 0 0 0 0 | 0 0 0 0 | 0 0 0 0 | 0 0 0 0 | 0 0 0 0 | 0 0 0 0 | 0 0 0 0 | 0 0 0 0 | 0 0 0 0 | 0 0 0 0 | 0 0 0 0 | 0 0 0 0 | 0 0 0 0 | 0 0 0 0 | 0 0 0 0 | 0 0 0 0 | 0 0 0 0 | 0 0 0 0 | 0 0 0 0 | 0 0 0 0 | 0 0 0 0 | 0 0 0 0 | 0 0 0 0 | 0 0 0 0 | 0 0 0 0 | 0 0 0 0 | 0 0 0 0 | 0 0 0 0 | 0 0 0 0 | 0 0 0 0 | 0 0 0 0 | 0 0 0 0 | 0 0 0 0 | 0 0 0 0 | 0 0 0 0 | 0 0 0 0 | 0 0 0 0 | 0 0 0 0 | 0 0 0 0 | 0 0 0 0 | 0 0 0 0 | 0 0 0 0 | 0 0 0 0 | 0 0 0 0 | 0 0 0 0 | 0 0 0 0 | 0 0 0 0 | 0 0 0 0 | 0 0 0 0 | 0 0 0 0 
0 0 0 0 | 0 0 0 0 | 0 0 0 0 | 0 0 0 0 | 0 0 0 0 | 3 47 78.0 1.7020000457763671 | 1 3 -1.0 -1.0 | 3 54 71.0 1.0069999694824219 | 1 5 -1.0 -1.0 | 1 1 -1.0 -1.0 | 1 3 -1.0 -1.0 | 1 2 -1.0 -1.0 | 0 0 0 0 | 1 2 -1.0 -1.0 | 1 1 -1.0 -1.0 | 1 1 -1.0 -1.0 | 0 0 0 0 | 0 0 0 0 | 0 0 0 0 | 0 0 0 0 | 0 0 0 0 | 0 0 0 0 | 0 0 0 0 | 0 0 0 0 | 0 0 0 0 | 0 0 0 0 | 0 0 0 0 | 0 0 0 0 | 0 0 0 0 | 0 0 0 0 | 0 0 0 0 | 0 0 0 0 | 1 1 -1.0 -1.0 | 0 0 0 0 | 0 0 0 0 | 0 0 0 0 | 0 0 0 0 | 0 0 0 0 | 0 0 0 0 | 2 15 16.0 0.65000000000000002 | 2 6 5.0 0.54099998474121092 | 1 2 -1.0 -1.0 | 3 31 41.0 0.79200000762939449 | 1 3 -1.0 -1.0 | 1 1 -1.0 -1.0 | 2 22 16.0 0.67100000381469727 | 2 14 8.0 0.56999998092651372 | 1 1 -1.0 -1.0 | 1 2 -1.0 -1.0 | 0 0 0 0 | 1 1 -1.0 -1.0 | 0 0 0 0 | 0 0 0 0 | 0 0 0 0 | 0 0 0 0 | 0 0 0 0 | 0 0 0 0 | 1 3 -1.0 -1.0 | 0 0 0 0 | 0 0 0 0 | 3 22 34.0 0.60300002098083494 | 0 0 0 0 | 0 0 0 0 | 0 0 0 0 | 0 0 0 0 | 0 0 0 0 | 0 0 0 0 | 0 0 0 0 | 0 0 0 0 | 0 0 0 0 | 0 0 0 0 | 0 0 0 0 | 3 86 186.0 1.990999984741211 | 1 5 -1.0 -1.0 | 1 5 -1.0 -1.0 | 0 0 0 0 | 0 0 0 0 | 0 0 0 0 | 0 0 0 0 | 0 0 0 0 | 0 0 0 0 | 0 0 0 0 | 0 0 0 0 | 0 0 0 0 | 0 0 0 0 | 0 0 0 0 
3 61 112.0 1.7360000610351562 | 0 0 0 0 | 0 0 0 0 | 1 2 -1.0 -1.0 | 1 3 -1.0 -1.0 | 0 0 0 0 | 1 2 -1.0 -1.0 | 1 2 -1.0 -1.0 | 1 1 -1.0 -1.0 | 1 2 -1.0 -1.0 | 1 2 -1.0 -1.0 | 1 2 -1.0 -1.0 | 1 2 -1.0 -1.0 | 1 1 -1.0 -1.0 | 1 1 -1.0 -1.0 | 1 1 -1.0 -1.0 | 0 0 0 0 | 0 0 0 0 | 0 0 0 0 | 0 0 0 0 | 0 0 0 0 | 0 0 0 0 | 0 0 0 0 | 0 0 0 0 | 0 0 0 0 | 0 0 0 0 | 0 0 0 0 | 0 0 0 0 | 0 0 0 0 | 0 0 0 0 | 0 0 0 0 | 0 0 0 0 | 0 0 0 0 | 0 0 0 0 | 0 0 0 0 | 0 0 0 0 | 0 0 0 0 | 0 0 0 0 | 1 1 -1.0 -1.0 | 0 0 0 0 | 0 0 0 0 | 0 0 0 0 | 0 0 0 0 | 0 0 0 0 | 0 0 0 0 | 0 0 0 0 | 0 0 0 0 | 0 0 0 0 | 0 0 0 0 | 0 0 0 0 | 0 0 0 0 | 0 0 0 0 | 0 0 0 0 | 0 0 0 0 | 0 0 0 0 | 0 0 0 0 | 0 0 0 0 | 0 0 0 0 | 0 0 0 0 | 0 0 0 0 | 0 0 0 0 | 0 0 0 0 | 0 0 0 0 | 0 0 0 0 | 0 0 0 0 | 0 0 0 0 | 0 0 0 0 | 0 0 0 0 | 0 0 0 0 | 0 0 0 0 | 0 0 0 0 | 0 0 0 0 | 0 0 0 0 | 0 0 0 0 | 0 0 0 0 | 0 0 0 0 | 0 0 0 0 | 0 0 0 0 | 0 0 0 0 | 0 0 0 0 | 0 0 0 0 | 0 0 0 0 | 0 0 0 0 | 0 0 0 0 
0 0 0 0 | 0 0 0 0 | 0 0 0 0 | 0 0 0 0 | 3 62 114.0 1.9479999542236328 | 1 2 -1.0 -1.0 | 1 2 -1.0 -1.0 | 1 3 -1.0 -1.0 | 1 2 -1.0 -1.0 | 1 1 -1.0 -1.0 | 1 1 -1.0 -1.0 | 0 0 0 0 | 1 2 -1.0 -1.0 | 1 3 -1.0 -1.0 | 1 2 -1.0 -1.0 | 0 0 0 0 | 0 0 0 0 | 0 0 0 0 | 0 0 0 0 | 0 0 0 0 | 0 0 0 0 | 0 0 0 0 | 0 0 0 0 | 0 0 0 0 | 0 0 0 0 | 0 0 0 0 | 0 0 0 0 | 0 0 0 0 | 0 0 0 0 | 0 0 0 0 | 0 0 0 0 | 0 0 0 0 | 0 0 0 0 | 0 0 0 0 | 0 0 0 0 | 0 0 0 0 | 0 0 0 0 | 0 0 0 0 | 0 0 0 0 | 0 0 0 0 | 0 0 0 0 | 0 0 0 0 | 0 0 0 0 | 1 1 -1.0 -1.0 | 1 1 -1.0 -1.0 | 1 2 -1.0 -1.0 | 1 1 -1.0 -1.0 | 1 1 -1.0 -1.0 | 0 0 0 0 | 0 0 0 0 | 0 0 0 0 | 0 0 0 0 | 0 0 0 0 | 0 0 0 0 | 0 0 0 0 | 0 0 0 0 | 0 0 0 0 | 0 0 0 0 | 0 0 0 0 | 0 0 0 0 | 0 0 0 0 | 0 0 0 0 | 0 0 0 0 | 0 0 0 0 | 0 0 0 0 | 0 0 0 0 | 0 0 0 0 | 0 0 0 0 | 0 0 0 0 | 0 0 0 0 | 0 0 0 0 | 0 0 0 0 | 0 0 0 0 | 0 0 0 0 | 0 0 0 0 | 0 0 0 0 | 0 0 0 0 | 0 0 0 0 | 0 0 0 0 | 0 0 0 0 | 0 0 0 0 | 0 0 0 0 | 0 0 0 0 | 0 0 0 0 
0 0 0 0 | 0 0 0 0 | 0 0 0 0 | 0 0 0 0 | 0 0 0 0 | 0 0 0 0 | 3 61 88.0 1.3270000457763671 | 1 1 -1.0 -1.0 | 1 2 -1.0 -1.0 | 1 7 -1.0 -1.0 | 1 2 -1.0 -1.0 | 3 45 59.0 1.0069999694824219 | 3 46 69.0 1.3180000305175781 | 3 55 96.0 1.9129999160766602 | 1 2 -1.0 -1.0 | 1 3 -1.0 -1.0 | 0 0 0 0 | 1 2 -1.0 -1.0 | 0 0 0 0 | 1 3 -1.0 -1.0 | 0 0 0 0 | 0 0 0 0 | 0 0 0 0 | 0 0 0 0 | 0 0 0 0 | 0 0 0 0 | 0 0 0 0 | 0 0 0 0 | 0 0 0 0 | 0 0 0 0 | 0 0 0 0 | 0 0 0 0 | 0 0 0 0 | 0 0 0 0 | 0 0 0 0 | 0 0 0 0 | 0 0 0 0 | 0 0 0 0 | 0 0 0 0 | 0 0 0 0 | 1 1 -1.0 -1.0 | 0 0 0 0 | 0 0 0 0 | 0 0 0 0 | 0 0 0 0 | 0 0 0 0 | 0 0 0 0 | 0 0 0 0 | 0 0 0 0 | 0 0 0 0 | 0 0 0 0 | 0 0 0 0 | 0 0 0 0 | 0 0 0 0 | 0 0 0 0 | 0 0 0 0 | 0 0 0 0 | 0 0 0 0 | 0 0 0 0 | 0 0 0 0 | 0 0 0 0 | 0 0 0 0 | 0 0 0 0 | 0 0 0 0 | 0 0 0 0 | 0 0 0 0 | 0 0 0 0 
0 0 0 0 | 0 0 0 0 | 1 9 -1.0 -1.0 | 3 64 99.0 1.4609999656677246 | 3 61 93.0 1.8280000686645508 | 3 35 38.0 0.65000000000000002 | 3 57 87.0 1.2300000190734863 | 3 57 93.0 1.4800000190734863 | 1 3 -1.0 -1.0 | 3 54 81.0 1.2479999542236329 | 3 55 81.5 1.1909999847412109 | 1 2 -1.0 -1.0 | 1 2 -1.0 -1.0 | 1 2 -1.0 -1.0 | 1 1 -1.0 -1.0 | 1 1 -1.0 -1.0 | 0 0 0 0 | 0 0 0 0 | 0 0 0 0 | 0 0 0 0 | 0 0 0 0 | 0 0 0 0 | 0 0 0 0 | 0 0 0 0 | 0 0 0 0 | 0 0 0 0 | 0 0 0 0 | 0 0 0 0 | 0 0 0 0 | 0 0 0 0 | 0 0 0 0 | 0 0 0 0 | 0 0 0 0 | 0 0 0 0 | 0 0 0 0 | 0 0 0 0 | 0 0 0 0 | 0 0 0 0 | 0 0 0 0 | 0 0 0 0 | 0 0 0 0 | 0 0 0 0 | 0 0 0 0 | 0 0 0 0 | 0 0 0 0 | 0 0 0 0 | 0 0 0 0 | 0 0 0 0 | 0 0 0 0 | 0 0 0 0 | 0 0 0 0 | 0 0 0 0 | 0 0 0 0 | 0 0 0 0 | 0 0 0 0 | 0 0 0 0 | 0 0 0 0 | 0 0 0 0 | 0 0 0 0 | 0 0 0 0 | 0 0 0 0 | 0 0 0 0 | 0 0 0 0 | 0 0 0 0 | 0 0 0 0 | 0 0 0 0 | 0 0 0 0 | 0 0 0 0 | 0 0 0 0 | 0 0 0 0 | 0 0 0 0 | 0 0 0 0 | 0 0 0 0 | 0 0 0 0 | 0 0 0 0 | 0 0 0 0 | 0 0 0 0 | 0 0 0 0 | 0 0 0 0 | 0 0 0 0 | 0 0 0 0 | 0 0 0 0 | 0 0 0 0 | 0 0 0 0 
0 0 0 0 | 0 0 0 0 | 0 0 0 0 | 1 1 -1.0 -1.0 | 1 3 -1.0 -1.0 | 0 0 0 0 | 3 60 95.0 1.4840000152587891 | 1 6 -1.0 -1.0 | 3 57 86.0 1.4090000152587892 | 3 61 98.0 1.4680000305175782 | 2 14 7.0 0.54600000381469727 | 3 55 89.0 1.4239999771118164 | 1 4 -1.0 -1.0 | 1 3 -1.0 -1.0 | 1 4 -1.0 -1.0 | 1 4 -1.0 -1.0 | 1 1 -1.0 -1.0 | 1 2 -1.0 -1.0 | 1 1 -1.0 -1.0 | 1 1 -1.0 -1.0 | 0 0 0 0 | 0 0 0 0 | 0 0 0 0 | 0 0 0 0 | 0 0 0 0 | 0 0 0 0 | 0 0 0 0 | 0 0 0 0 | 0 0 0 0 | 0 0 0 0 | 0 0 0 0 | 0 0 0 0 | 0 0 0 0 | 0 0 0 0 | 0 0 0 0 | 0 0 0 0 | 0 0 0 0 | 0 0 0 0 | 0 0 0 0 | 0 0 0 0 | 0 0 0 0 | 0 0 0 0 | 1 1 -1.0 -1.0 | 0 0 0 0 | 0 0 0 0 | 0 0 0 0 | 0 0 0 0 | 0 0 0 0 | 0 0 0 0 | 0 0 0 0 | 0 0 0 0 | 0 0 0 0 | 0 0 0 0 | 0 0 0 0 | 0 0 0 0 | 0 0 0 0 | 0 0 0 0 | 0 0 0 0 | 0 0 0 0 | 0 0 0 0 | 0 0 0 0 | 0 0 0 0 | 0 0 0 0 | 0 0 0 0 | 0 0 0 0 | 0 0 0 0 | 0 0 0 0 | 0 0 0 0 | 0 0 0 0 | 0 0 0 0 | 0 0 0 0 | 0 0 0 0 | 0 0 0 0 | 0 0 0 0 | 0 0 0 0 | 0 0 0 0 | 0 0 0 0 | 0 0 0 0 | 0 0 0 0 | 0 0 0 0 | 0 0 0 0 | 0 0 0 0 | 0 0 0 0 
0 0 0 0 | 3 56 107.0 1.6829999923706054 | 0 0 0 0 | 1 5 -1.0 -1.0 | 1 3 -1.0 -1.0 | 1 2 -1.0 -1.0 | 0 0 0 0 | 1 1 -1.0 -1.0 | 3 57 92.5 1.3689999580383301 | 1 2 -1.0 -1.0 | 1 1 -1.0 -1.0 | 1 3 -1.0 -1.0 | 1 2 -1.0 -1.0 | 1 2 -1.0 -1.0 | 1 2 -1.0 -1.0 | 0 0 0 0 | 0 0 0 0 | 0 0 0 0 | 0 0 0 0 | 0 0 0 0 | 0 0 0 0 | 0 0 0 0 | 0 0 0 0 | 0 0 0 0 | 0 0 0 0 | 0 0 0 0 | 0 0 0 0 | 0 0 0 0 | 0 0 0 0 | 0 0 0 0 | 0 0 0 0 | 0 0 0 0 | 0 0 0 0 | 0 0 0 0 | 0 0 0 0 | 0 0 0 0 | 0 0 0 0 | 0 0 0 0 | 0 0 0 0 | 0 0 0 0 | 0 0 0 0 | 0 0 0 0 | 0 0 0 0 | 0 0 0 0 | 0 0 0 0 | 0 0 0 0 | 0 0 0 0 | 0 0 0 0 | 0 0 0 0 | 0 0 0 0 | 0 0 0 0 | 0 0 0 0 | 0 0 0 0 | 0 0 0 0 | 0 0 0 0 | 0 0 0 0 | 0 0 0 0 | 0 0 0 0 | 0 0 0 0 | 0 0 0 0 | 0 0 0 0 | 0 0 0 0 | 0 0 0 0 | 0 0 0 0 | 0 0 0 0 | 0 0 0 0 | 0 0 0 0 | 0 0 0 0 | 0 0 0 0 | 0 0 0 0 | 0 0 0 0 | 0 0 0 0 | 0 0 0 0 | 0 0 0 0 | 0 0 0 0 | 0 0 0 0 | 0 0 0 0 | 0 0 0 0 | 0 0 0 0 | 0 0 0 0 | 0 0 0 0 | 0 0 0 0 | 0 0 0 0 | 0 0 0 0 
0 0 0 0 | 0 0 0 0 | 0 0 0 0 | 1 11 -1.0 -1.0 | 0 0 0 0 | 0 0 0 0 | 1 4 -1.0 -1.0 | 1 3 -1.0 -1.0 | 0 0 0 0 | 0 0 0 0 | 0 0 0 0 | 0 0 0 0 | 1 3 -1.0 -1.0 | 3 44 65.0 0.82200002670288086 | 3 56 99.0 1.6799999237060548 | 1 2 -1.0 -1.0 | 1 2 -1.0 -1.0 | 0 0 0 0 | 1 2 -1.0 -1.0 | 1 3 -1.0 -1.0 | 1 2 -1.0 -1.0 | 0 0 0 0 | 1 3 -1.0 -1.0 | 1 1 -1.0 -1.0 | 1 1 -1.0 -1.0 | 0 0 0 0 | 0 0 0 0 | 0 0 0 0 | 0 0 0 0 | 0 0 0 0 | 0 0 0 0 | 0 0 0 0 | 0 0 0 0 | 0 0 0 0 | 0 0 0 0 | 0 0 0 0 | 0 0 0 0 | 0 0 0 0 | 0 0 0 0 | 0 0 0 0 | 0 0 0 0 | 0 0 0 0 | 0 0 0 0 | 0 0 0 0 | 0 0 0 0 | 0 0 0 0 | 0 0 0 0 | 0 0 0 0 | 0 0 0 0 | 0 0 0 0 | 0 0 0 0 | 0 0 0 0 | 0 0 0 0 | 0 0 0 0 | 0 0 0 0 | 0 0 0 0 | 3 21 28.0 0.67800002098083501 | 3 23 41.0 0.75599999427795406 | 1 4 -1.0 -1.0 | 1 3 -1.0 -1.0 | 1 2 -1.0 -1.0 | 1 2 -1.0 -1.0 | 0 0 0 0 | 0 0 0 0 | 0 0 0 0 | 0 0 0 0 | 0 0 0 0 | 0 0 0 0 | 0 0 0 0 | 0 0 0 0 | 0 0 0 0 | 0 0 0 0 | 0 0 0 0 | 0 0 0 0 | 0 0 0 0 | 0 0 0 0 | 0 0 0 0 | 0 0 0 0 | 0 0 0 0 | 0 0 0 0 | 0 0 0 0 | 0 0 0 0 | 0 0 0 0 | 0 0 0 0 
0 0 0 0 | 1 1 -1.0 -1.0 | 1 1 -1.0 -1.0 | 0 0 0 0 | 2 26 16.0 0.70999999046325679 | 0 0 0 0 | 3 64 98.0 1.3300000190734864 | 1 7 -1.0 -1.0 | 1 4 -1.0 -1.0 | 3 52 83.0 1.0430000305175782 | 3 60 89.0 1.3359999656677246 | 3 60 86.0 1.2539999961853028 | 2 18 11.0 0.41599998474121092 | 1 2 -1.0 -1.0 | 1 3 -1.0 -1.0 | 1 2 -1.0 -1.0 | 1 2 -1.0 -1.0 | 1 1 -1.0 -1.0 | 1 1 -1.0 -1.0 | 0 0 0 0 | 0 0 0 0 | 0 0 0 0 | 0 0 0 0 | 0 0 0 0 | 0 0 0 0 | 0 0 0 0 | 0 0 0 0 | 0 0 0 0 | 0 0 0 0 | 0 0 0 0 | 0 0 0 0 | 0 0 0 0 | 0 0 0 0 | 0 0 0 0 | 0 0 0 0 | 0 0 0 0 | 0 0 0 0 | 0 0 0 0 | 0 0 0 0 | 0 0 0 0 | 0 0 0 0 | 0 0 0 0 | 0 0 0 0 | 1 1 -1.0 -1.0 | 0 0 0 0 | 0 0 0 0 | 0 0 0 0 | 0 0 0 0 | 0 0 0 0 | 0 0 0 0 | 0 0 0 0 | 0 0 0 0 | 0 0 0 0 | 0 0 0 0 | 0 0 0 0 | 0 0 0 0 | 0 0 0 0 | 0 0 0 0 | 0 0 0 0 | 0 0 0 0 | 0 0 0 0 | 0 0 0 0 | 0 0 0 0 | 0 0 0 0 | 0 0 0 0 | 0 0 0 0 | 0 0 0 0 | 0 0 0 0 | 0 0 0 0 | 0 0 0 0 | 0 0 0 0 | 0 0 0 0 | 0 0 0 0 | 0 0 0 0 | 0 0 0 0 | 0 0 0 0 | 0 0 0 0 | 0 0 0 0 | 0 0 0 0 | 0 0 0 0 | 0 0 0 0 | 0 0 0 0 | 0 0 0 0 | 0 0 0 0 | 0 0 0 0 | 0 0 0 0 | 0 0 0 0 
0 0 0 0 | 0 0 0 0 | 3 67 104.0 1.5229999542236328 | 0 0 0 0 | 1 1 -1.0 -1.0 | 3 64 97.5 1.3880000114440918 | 0 0 0 0 | 1 1 -1.0 -1.0 | 1 3 -1.0 -1.0 | 1 3 -1.0 -1.0 | 1 2 -1.0 -1.0 | 1 2 -1.0 -1.0 | 1 1 -1.0 -1.0 | 1 1 -1.0 -1.0 | 0 0 0 0 | 0 0 0 0 | 0 0 0 0 | 0 0 0 0 | 0 0 0 0 | 0 0 0 0 | 0 0 0 0 | 0 0 0 0 | 0 0 0 0 | 0 0 0 0 | 0 0 0 0 | 0 0 0 0 | 3 42 81.5 1.0479999542236329 | 3 76 160.0 2.393000030517578 | 0 0 0 0 | 0 0 0 0 | 0 0 0 0 | 0 0 0 0 | 0 0 0 0 | 0 0 0 0 | 0 0 0 0 | 0 0 0 0 | 0 0 0 0 | 0 0 0 0 | 0 0 0 0 | 0 0 0 0 | 0 0 0 0 | 0 0 0 0 | 0 0 0 0 | 0 0 0 0 | 0 0 0 0 | 0 0 0 0 | 0 0 0 0 | 0 0 0 0 | 0 0 0 0 | 0 0 0 0 | 0 0 0 0 | 0 0 0 0 | 0 0 0 0 | 0 0 0 0 | 0 0 0 0 | 0 0 0 0 | 0 0 0 0 | 0 0 0 0 | 0 0 0 0 | 0 0 0 0 | 0 0 0 0 | 0 0 0 0 | 0 0 0 0 | 0 0 0 0 | 0 0 0 0 | 0 0 0 0 | 0 0 0 0 | 0 0 0 0 | 0 0 0 0 | 0 0 0 0 | 0 0 0 0 | 0 0 0 0 | 0 0 0 0 | 0 0 0 0 | 0 0 0 0 | 0 0 0 0 
0 0 0 0 | 0 0 0 0 | 0 0 0 0 | 0 0 0 0 | 0 0 0 0 | 0 0 0 0 | 3 60 92.5 1.3520000457763672 | 1 1 -1.0 -1.0 | 3 58 93.0 1.2770000457763673 | 1 6 -1.0 -1.0 | 1 2 -1.0 -1.0 | 0 0 0 0 | 1 2 -1.0 -1.0 | 0 0 0 0 | 0 0 0 0 | 1 1 -1.0 -1.0 | 1 2 -1.0 -1.0 | 0 0 0 0 | 0 0 0 0 | 0 0 0 0 | 0 0 0 0 | 0 0 0 0 | 0 0 0 0 | 0 0 0 0 | 0 0 0 0 | 0 0 0 0 | 0 0 0 0 | 0 0 0 0 | 0 0 0 0 | 0 0 0 0 | 0 0 0 0 | 0 0 0 0 | 0 0 0 0 | 0 0 0 0 | 0 0 0 0 | 0 0 0 0 | 0 0 0 0 | 0 0 0 0 | 0 0 0 0 | 1 2 -1.0 -1.0 | 0 0 0 0 | 1 1 -1.0 -1.0 | 1 1 -1.0 -1.0 | 0 0 0 0 | 0 0 0 0 | 0 0 0 0 | 0 0 0 0 | 0 0 0 0 | 0 0 0 0 | 0 0 0 0 | 0 0 0 0 | 0 0 0 0 | 0 0 0 0 | 0 0 0 0 | 0 0 0 0 | 0 0 0 0 | 0 0 0 0 | 0 0 0 0 | 0 0 0 0 | 0 0 0 0 | 0 0 0 0 | 1 1 -1.0 -1.0 | 0 0 0 0 | 0 0 0 0 | 0 0 0 0 | 0 0 0 0 | 0 0 0 0 | 0 0 0 0 | 0 0 0 0 | 0 0 0 0 | 0 0 0 0 | 0 0 0 0 | 0 0 0 0 | 0 0 0 0 | 0 0 0 0 | 0 0 0 0 | 0 0 0 0 | 0 0 0 0 | 0 0 0 0 | 0 0 0 0 | 0 0 0 0 | 0 0 0 0 | 0 0 0 0 | 0 0 0 0 | 0 0 0 0 | 0 0 0 0 
0 0 0 0 | 0 0 0 0 | 0 0 0 0 | 0 0 0 0 | 0 0 0 0 | 1 1 -1.0 -1.0 | 3 10 11.0 1.0930000305175782 | 1 1 -1.0 -1.0 | 1 3 -1.0 -1.0 | 1 5 -1.0 -1.0 | 1 2 -1.0 -1.0 | 1 2 -1.0 -1.0 | 1 1 -1.0 -1.0 | 0 0 0 0 | 0 0 0 0 | 0 0 0 0 | 0 0 0 0 | 0 0 0 0 | 0 0 0 0 | 0 0 0 0 | 0 0 0 0 | 0 0 0 0 | 0 0 0 0 | 0 0 0 0 | 3 38 61.5 0.82399997711181638 | 1 5 -1.0 -1.0 | 3 31 61.0 0.85200004577636723 | 0 0 0 0 | 0 0 0 0 | 3 77 153.5 1.6559999465942383 | 0 0 0 0 | 0 0 0 0 | 0 0 0 0 | 0 0 0 0 | 1 3 -1.0 -1.0 | 1 4 -1.0 -1.0 | 1 2 -1.0 -1.0 | 1 3 -1.0 -1.0 | 1 1 -1.0 -1.0 | 0 0 0 0 | 0 0 0 0 | 0 0 0 0 | 0 0 0 0 | 0 0 0 0 | 0 0 0 0 | 0 0 0 0 | 0 0 0 0 | 0 0 0 0 | 0 0 0 0 | 0 0 0 0 | 0 0 0 0 | 0 0 0 0 | 0 0 0 0 | 0 0 0 0 | 0 0 0 0 | 0 0 0 0 | 0 0 0 0 | 0 0 0 0 | 0 0 0 0 | 0 0 0 0 | 0 0 0 0 | 0 0 0 0 | 0 0 0 0 | 0 0 0 0 | 0 0 0 0 | 0 0 0 0 | 0 0 0 0 | 0 0 0 0 | 0 0 0 0 | 0 0 0 0 | 0 0 0 0 | 0 0 0 0 | 0 0 0 0 | 0 0 0 0 | 0 0 0 0 | 0 0 0 0 | 0 0 0 0 
0 0 0 0 | 1 1 -1.0 -1.0 | 0 0 0 0 | 3 13 22.0 1.6469999313354493 | 1 1 -1.0 -1.0 | 3 55 93.0 1.3800000190734862 | 1 2 -1.0 -1.0 | 0 0 0 0 | 3 53 74.0 1.1670000076293945 | 1 1 -1.0 -1.0 | 0 0 0 0 | 1 2 -1.0 -1.0 | 1 1 -1.0 -1.0 | 1 1 -1.0 -1.0 | 0 0 0 0 | 0 0 0 0 | 0 0 0 0 | 0 0 0 0 | 0 0 0 0 | 0 0 0 0 | 0 0 0 0 | 0 0 0 0 | 0 0 0 0 | 0 0 0 0 | 3 45 84.5 1.2800000190734864 | 3 40 69.0 1.01899995803833 | 3 77 165.0 2.2190000534057619 | 0 0 0 0 | 0 0 0 0 | 0 0 0 0 | 0 0 0 0 | 0 0 0 0 | 0 0 0 0 | 0 0 0 0 | 0 0 0 0 | 0 0 0 0 | 0 0 0 0 | 0 0 0 0 | 0 0 0 0 | 0 0 0 0 | 0 0 0 0 | 0 0 0 0 | 0 0 0 0 | 0 0 0 0 | 0 0 0 0 | 0 0 0 0 | 0 0 0 0 | 0 0 0 0 | 0 0 0 0 | 0 0 0 0 | 0 0 0 0 | 0 0 0 0 | 0 0 0 0 | 0 0 0 0 | 0 0 0 0 | 0 0 0 0 | 0 0 0 0 | 0 0 0 0 | 0 0 0 0 | 0 0 0 0 | 0 0 0 0 | 0 0 0 0 | 0 0 0 0 | 0 0 0 0 | 0 0 0 0 | 0 0 0 0 | 0 0 0 0 | 0 0 0 0 | 0 0 0 0 | 0 0 0 0 | 0 0 0 0 | 0 0 0 0 | 0 0 0 0 | 0 0 0 0 | 0 0 0 0 | 0 0 0 0 | 0 0 0 0 
0 0 0 0 | 0 0 0 0 | 1 1 -1.0 -1.0 | 0 0 0 0 | 0 0 0 0 | 0 0 0 0 | 3 59 73.0 1.0819999694824218 | 0 0 0 0 | 0 0 0 0 | 3 47 62.0 1.018000030517578 | 1 2 -1.0 -1.0 | 3 59 88.0 1.2630000114440918 | 3 63 101.5 1.2749999999999999 | 3 64 118.5 1.3649999618530273 | 3 88 185.5 2.3110000610351564 | 0 0 0 0 | 0 0 0 0 | 0 0 0 0 | 0 0 0 0 | 0 0 0 0 | 0 0 0 0 | 0 0 0 0 | 0 0 0 0 | 0 0 0 0 | 1 1 -1.0 -1.0 | 0 0 0 0 | 0 0 0 0 | 0 0 0 0 | 0 0 0 0 | 0 0 0 0 | 0 0 0 0 | 0 0 0 0 | 0 0 0 0 | 0 0 0 0 | 0 0 0 0 | 0 0 0 0 | 0 0 0 0 | 0 0 0 0 | 0 0 0 0 | 0 0 0 0 | 0 0 0 0 | 0 0 0 0 | 0 0 0 0 | 0 0 0 0 | 0 0 0 0 | 0 0 0 0 | 0 0 0 0 | 0 0 0 0 | 0 0 0 0 | 0 0 0 0 | 0 0 0 0 | 0 0 0 0 | 0 0 0 0 | 0 0 0 0 | 0 0 0 0 | 0 0 0 0 | 0 0 0 0 | 0 0 0 0 | 0 0 0 0 | 0 0 0 0 | 0 0 0 0 | 0 0 0 0 | 0 0 0 0 | 0 0 0 0 | 0 0 0 0 | 0 0 0 0 | 0 0 0 0 | 0 0 0 0 | 0 0 0 0 | 0 0 0 0 | 0 0 0 0 | 0 0 0 0 | 0 0 0 0 | 0 0 0 0 | 0 0 0 0 | 0 0 0 0 | 0 0 0 0 | 0 0 0 0 | 0 0 0 0 | 0 0 0 0 | 0 0 0 0 | 0 0 0 0 | 0 0 0 0 | 0 0 0 0 | 0 0 0 0 | 0 0 0 0 | 0 0 0 0 | 0 0 0 0 
0 0 0 0 | 0 0 0 0 | 3 36 37.0 0.78099999427795408 | 3 56 96.0 1.5300000190734864 | 3 45 69.0 1.115999984741211 | 3 43 58.0 0.88400001525878902 | 1 2 -1.0 -1.0 | 1 2 -1.0 -1.0 | 1 1 -1.0 -1.0 | 1 1 -1.0 -1.0 | 1 1 -1.0 -1.0 | 0 0 0 0 | 0 0 0 0 | 0 0 0 0 | 0 0 0 0 | 0 0 0 0 | 0 0 0 0 | 0 0 0 0 | 0 0 0 0 | 0 0 0 0 | 0 0 0 0 | 0 0 0 0 | 0 0 0 0 | 0 0 0 0 | 0 0 0 0 | 0 0 0 0 | 0 0 0 0 | 0 0 0 0 | 0 0 0 0 | 0 0 0 0 | 0 0 0 0 | 0 0 0 0 | 0 0 0 0 | 0 0 0 0 | 0 0 0 0 | 0 0 0 0 | 0 0 0 0 | 0 0 0 0 | 0 0 0 0 | 0 0 0 0 | 0 0 0 0 | 0 0 0 0 | 1 3 -1.0 -1.0 | 2 14 17.0 0.49000000953674316 | 1 2 -1.0 -1.0 | 1 3 -1.0 -1.0 | 2 12 7.0 0.40199999809265136 | 1 2 -1.0 -1.0 | 1 3 -1.0 -1.0 | 1 2 -1.0 -1.0 | 0 0 0 0 | 0 0 0 0 | 0 0 0 0 | 0 0 0 0 | 0 0 0 0 | 0 0 0 0 | 0 0 0 0 | 0 0 0 0 | 0 0 0 0 | 0 0 0 0 | 0 0 0 0 | 0 0 0 0 | 0 0 0 0 | 0 0 0 0 | 0 0 0 0 
0 0 0 0 | 0 0 0 0 | 3 67 92.400001525878906 1.384000015258789 | 1 1 -1.0 -1.0 | 0 0 0 0 | 3 57 93.0 1.4949999809265138 | 0 0 0 0 | 3 58 71.5 1.2529999732971191 | 0 0 0 0 | 1 1 -1.0 -1.0 | 3 54 85.0 1.2270000457763672 | 1 2 -1.0 -1.0 | 1 4 -1.0 -1.0 | 1 5 -1.0 -1.0 | 1 1 -1.0 -1.0 | 0 0 0 0 | 0 0 0 0 | 0 0 0 0 | 0 0 0 0 | 0 0 0 0 | 0 0 0 0 | 0 0 0 0 | 0 0 0 0 | 0 0 0 0 | 0 0 0 0 | 0 0 0 0 | 0 0 0 0 | 0 0 0 0 | 0 0 0 0 | 0 0 0 0 | 0 0 0 0 | 0 0 0 0 | 0 0 0 0 | 0 0 0 0 | 0 0 0 0 | 0 0 0 0 | 0 0 0 0 | 0 0 0 0 | 0 0 0 0 | 0 0 0 0 | 0 0 0 0 | 0 0 0 0 | 0 0 0 0 | 1 1 -1.0 -1.0 | 0 0 0 0 | 0 0 0 0 | 0 0 0 0 | 0 0 0 0 | 0 0 0 0 | 0 0 0 0 | 0 0 0 0 | 0 0 0 0 | 0 0 0 0 | 0 0 0 0 | 0 0 0 0 | 0 0 0 0 | 0 0 0 0 | 0 0 0 0 | 0 0 0 0 | 0 0 0 0 | 0 0 0 0 | 0 0 0 0 | 0 0 0 0 | 0 0 0 0 | 0 0 0 0 | 0 0 0 0 | 0 0 0 0 | 0 0 0 0 | 0 0 0 0 | 0 0 0 0 | 0 0 0 0 | 0 0 0 0 | 0 0 0 0 | 0 0 0 0 | 0 0 0 0 | 0 0 0 0 | 0 0 0 0 | 0 0 0 0 | 0 0 0 0 | 0 0 0 0 | 0 0 0 0 | 0 0 0 0 | 0 0 0 0 
0 0 0 0 | 0 0 0 0 | 0 0 0 0 | 0 0 0 0 | 0 0 0 0 | 0 0 0 0 | 1 2 -1.0 -1.0 | 0 0 0 0 | 1 2 -1.0 -1.0 | 1 3 -1.0 -1.0 | 1 3 -1.0 -1.0 | 1 2 -1.0 -1.0 | 1 2 -1.0 -1.0 | 1 3 -1.0 -1.0 | 0 0 0 0 | 1 3 -1.0 -1.0 | 0 0 0 0 | 1 1 -1.0 -1.0 | 0 0 0 0 | 0 0 0 0 | 0 0 0 0 | 0 0 0 0 | 0 0 0 0 | 0 0 0 0 | 0 0 0 0 | 0 0 0 0 | 0 0 0 0 | 0 0 0 0 | 0 0 0 0 | 0 0 0 0 | 0 0 0 0 | 0 0 0 0 | 0 0 0 0 | 0 0 0 0 | 0 0 0 0 | 0 0 0 0 | 0 0 0 0 | 0 0 0 0 | 0 0 0 0 | 0 0 0 0 | 0 0 0 0 | 0 0 0 0 | 0 0 0 0 | 0 0 0 0 | 0 0 0 0 | 0 0 0 0 | 0 0 0 0 | 0 0 0 0 | 0 0 0 0 | 0 0 0 0 | 0 0 0 0 | 0 0 0 0 | 0 0 0 0 | 0 0 0 0 | 0 0 0 0 | 0 0 0 0 | 0 0 0 0 | 0 0 0 0 | 0 0 0 0 | 0 0 0 0 | 0 0 0 0 | 0 0 0 0 | 0 0 0 0 | 0 0 0 0 | 0 0 0 0 | 0 0 0 0 | 0 0 0 0 | 0 0 0 0 | 0 0 0 0 | 0 0 0 0 | 0 0 0 0 | 0 0 0 0 | 0 0 0 0 | 0 0 0 0 | 0 0 0 0 | 0 0 0 0 | 0 0 0 0 | 0 0 0 0 | 0 0 0 0 | 0 0 0 0 | 0 0 0 0 | 0 0 0 0 | 0 0 0 0 | 0 0 0 0 
0 0 0 0 | 0 0 0 0 | 1 1 -1.0 -1.0 | 0 0 0 0 | 0 0 0 0 | 3 52 67.5 1.05600004196167 | 0 0 0 0 | 3 57 95.0 1.7840000152587892 | 3 58 91.0 1.3670000076293944 | 0 0 0 0 | 3 46 52.5 0.91099996566772456 | 1 3 -1.0 -1.0 | 1 2 -1.0 -1.0 | 1 2 -1.0 -1.0 | 1 2 -1.0 -1.0 | 1 2 -1.0 -1.0 | 1 1 -1.0 -1.0 | 1 1 -1.0 -1.0 | 0 0 0 0 | 0 0 0 0 | 0 0 0 0 | 0 0 0 0 | 0 0 0 0 | 0 0 0 0 | 0 0 0 0 | 0 0 0 0 | 0 0 0 0 | 0 0 0 0 | 0 0 0 0 | 0 0 0 0 | 0 0 0 0 | 0 0 0 0 | 0 0 0 0 | 0 0 0 0 | 0 0 0 0 | 0 0 0 0 | 0 0 0 0 | 0 0 0 0 | 0 0 0 0 | 0 0 0 0 | 0 0 0 0 | 0 0 0 0 | 0 0 0 0 | 0 0 0 0 | 0 0 0 0 | 1 2 -1.0 -1.0 | 1 2 -1.0 -1.0 | 1 2 -1.0 -1.0 | 0 0 0 0 | 0 0 0 0 | 1 1 -1.0 -1.0 | 0 0 0 0 | 0 0 0 0 | 0 0 0 0 | 0 0 0 0 | 0 0 0 0 | 0 0 0 0 | 0 0 0 0 | 0 0 0 0 | 0 0 0 0 | 0 0 0 0 | 0 0 0 0 | 0 0 0 0 | 0 0 0 0 | 0 0 0 0 | 0 0 0 0 | 0 0 0 0 | 0 0 0 0 | 0 0 0 0 | 0 0 0 0 | 0 0 0 0 | 0 0 0 0 | 0 0 0 0 | 0 0 0 0 | 0 0 0 0 | 0 0 0 0 | 0 0 0 0 | 0 0 0 0 | 0 0 0 0 | 0 0 0 0 | 0 0 0 0 | 0 0 0 0 | 0 0 0 0 | 0 0 0 0 | 0 0 0 0 | 0 0 0 0 | 0 0 0 0 | 0 0 0 0 | 0 0 0 0 | 0 0 0 0 
0 0 0 0 | 0 0 0 0 | 1 2 -1.0 -1.0 | 0 0 0 0 | 3 58 99.0 1.4550000190734864 | 0 0 0 0 | 1 5 -1.0 -1.0 | 0 0 0 0 | 0 0 0 0 | 1 12 -1.0 -1.0 | 1 1 -1.0 -1.0 | 1 8 -1.0 -1.0 | 1 6 -1.0 -1.0 | 1 1 -1.0 -1.0 | 1 6 -1.0 -1.0 | 1 9 -1.0 -1.0 | 1 3 -1.0 -1.0 | 1 2 -1.0 -1.0 | 0 0 0 0 | 0 0 0 0 | 0 0 0 0 | 0 0 0 0 | 0 0 0 0 | 1 2 -1.0 -1.0 | 1 1 -1.0 -1.0 | 1 2 -1.0 -1.0 | 1 1 -1.0 -1.0 | 0 0 0 0 | 0 0 0 0 | 0 0 0 0 | 0 0 0 0 | 0 0 0 0 | 0 0 0 0 | 0 0 0 0 | 0 0 0 0 | 0 0 0 0 | 0 0 0 0 | 0 0 0 0 | 0 0 0 0 | 0 0 0 0 | 0 0 0 0 | 0 0 0 0 | 0 0 0 0 | 0 0 0 0 | 0 0 0 0 | 0 0 0 0 | 0 0 0 0 | 0 0 0 0 | 0 0 0 0 | 0 0 0 0 | 0 0 0 0 | 0 0 0 0 | 0 0 0 0 | 0 0 0 0 | 0 0 0 0 | 0 0 0 0 | 0 0 0 0 | 0 0 0 0 | 0 0 0 0 | 0 0 0 0 | 0 0 0 0 | 0 0 0 0 | 0 0 0 0 | 0 0 0 0 | 0 0 0 0 | 0 0 0 0 | 0 0 0 0 | 0 0 0 0 | 0 0 0 0 | 0 0 0 0 | 0 0 0 0 | 0 0 0 0 | 0 0 0 0 | 0 0 0 0 | 0 0 0 0 | 0 0 0 0 | 0 0 0 0 | 0 0 0 0 | 0 0 0 0 | 0 0 0 0 | 0 0 0 0 | 0 0 0 0 | 0 0 0 0 
0 0 0 0 | 0 0 0 0 | 0 0 0 0 | 3 61 74.5 1.2760000228881836 | 0 0 0 0 | 3 48 85.0 1.6459999084472656 | 2 14 5.0 0.41199998855590819 | 0 0 0 0 | 3 44 59.0 1.0050000190734862 | 3 45 56.0 0.99200000762939455 | 1 4 -1.0 -1.0 | 1 3 -1.0 -1.0 | 1 3 -1.0 -1.0 | 3 56 94.5 1.6479999542236328 | 1 3 -1.0 -1.0 | 1 2 -1.0 -1.0 | 1 1 -1.0 -1.0 | 1 1 -1.0 -1.0 | 0 0 0 0 | 0 0 0 0 | 0 0 0 0 | 0 0 0 0 | 0 0 0 0 | 0 0 0 0 | 0 0 0 0 | 0 0 0 0 | 1 2 -1.0 -1.0 | 3 45 61.0 1.0590000152587891 | 3 77 134.0 2.2239999771118164 | 0 0 0 0 | 0 0 0 0 | 0 0 0 0 | 0 0 0 0 | 0 0 0 0 | 0 0 0 0 | 0 0 0 0 | 0 0 0 0 | 0 0 0 0 | 0 0 0 0 | 0 0 0 0 | 0 0 0 0 | 0 0 0 0 | 0 0 0 0 | 0 0 0 0 | 0 0 0 0 | 0 0 0 0 | 0 0 0 0 | 0 0 0 0 | 0 0 0 0 | 0 0 0 0 | 0 0 0 0 | 0 0 0 0 | 0 0 0 0 | 0 0 0 0 | 0 0 0 0 | 0 0 0 0 | 0 0 0 0 | 0 0 0 0 | 0 0 0 0 | 0 0 0 0 | 0 0 0 0 | 0 0 0 0 | 0 0 0 0 | 0 0 0 0 | 0 0 0 0 | 0 0 0 0 | 0 0 0 0 | 0 0 0 0 | 0 0 0 0 | 0 0 0 0 | 0 0 0 0 | 0 0 0 0 | 0 0 0 0 | 0 0 0 0 | 0 0 0 0 | 0 0 0 0 | 0 0 0 0 
0 0 0 0 | 0 0 0 0 | 0 0 0 0 | 0 0 0 0 | 1 12 -1.0 -1.0 | 1 1 -1.0 -1.0 | 0 0 0 0 | 0 0 0 0 | 0 0 0 0 | 0 0 0 0 | 0 0 0 0 | 0 0 0 0 | 0 0 0 0 | 3 57 97.0 1.4750000000000001 | 1 7 -1.0 -1.0 | 1 1 -1.0 -1.0 | 1 1 -1.0 -1.0 | 1 1 -1.0 -1.0 | 0 0 0 0 | 0 0 0 0 | 0 0 0 0 | 0 0 0 0 | 0 0 0 0 | 0 0 0 0 | 0 0 0 0 | 0 0 0 0 | 0 0 0 0 | 0 0 0 0 | 3 44 85.0 1.1630000114440917 | 3 87 178.0 2.0899999618530272 | 0 0 0 0 | 0 0 0 0 | 0 0 0 0 | 0 0 0 0 | 0 0 0 0 | 0 0 0 0 | 0 0 0 0 | 0 0 0 0 | 0 0 0 0 | 0 0 0 0 | 0 0 0 0 | 0 0 0 0 | 0 0 0 0 | 0 0 0 0 | 0 0 0 0 | 0 0 0 0 | 0 0 0 0 | 0 0 0 0 | 0 0 0 0 | 0 0 0 0 | 0 0 0 0 | 0 0 0 0 | 0 0 0 0 | 0 0 0 0 | 0 0 0 0 | 0 0 0 0 | 0 0 0 0 | 0 0 0 0 | 0 0 0 0 | 0 0 0 0 | 0 0 0 0 | 0 0 0 0 | 0 0 0 0 | 0 0 0 0 | 0 0 0 0 | 0 0 0 0 | 0 0 0 0 | 0 0 0 0 | 0 0 0 0 | 0 0 0 0 | 0 0 0 0 | 0 0 0 0 | 0 0 0 0 | 0 0 0 0 | 0 0 0 0 | 0 0 0 0 | 0 0 0 0 | 0 0 0 0 | 0 0 0 0 | 0 0 0 0 | 0 0 0 0 | 0 0 0 0 | 0 0 0 0 | 0 0 0 0 | 0 0 0 0 | 0 0 0 0 | 0 0 0 0 
0 0 0 0 | 0 0 0 0 | 3 68 87.0 1.2899999618530273 | 1 4 -1.0 -1.0 | 1 1 -1.0 -1.0 | 3 65 89.0 1.25 | 1 1 -1.0 -1.0 | 1 2 -1.0 -1.0 | 1 3 -1.0 -1.0 | 1 2 -1.0 -1.0 | 3 60 89.0 1.3390000343322754 | 1 2 -1.0 -1.0 | 1 2 -1.0 -1.0 | 1 2 -1.0 -1.0 | 1 1 -1.0 -1.0 | 1 1 -1.0 -1.0 | 0 0 0 0 | 0 0 0 0 | 0 0 0 0 | 0 0 0 0 | 0 0 0 0 | 0 0 0 0 | 0 0 0 0 | 0 0 0 0 | 0 0 0 0 | 0 0 0 0 | 0 0 0 0 | 0 0 0 0 | 0 0 0 0 | 0 0 0 0 | 0 0 0 0 | 0 0 0 0 | 0 0 0 0 | 0 0 0 0 | 0 0 0 0 | 0 0 0 0 | 0 0 0 0 | 0 0 0 0 | 0 0 0 0 | 0 0 0 0 | 0 0 0 0 | 0 0 0 0 | 0 0 0 0 | 0 0 0 0 | 0 0 0 0 | 0 0 0 0 | 0 0 0 0 | 0 0 0 0 | 0 0 0 0 | 0 0 0 0 | 0 0 0 0 | 0 0 0 0 | 0 0 0 0 | 0 0 0 0 | 0 0 0 0 | 0 0 0 0 | 0 0 0 0 | 0 0 0 0 | 0 0 0 0 | 0 0 0 0 | 0 0 0 0 | 0 0 0 0 | 0 0 0 0 | 0 0 0 0 | 2 12 7.5 0.48000001907348633 | 0 0 0 0 | 0 0 0 0 | 0 0 0 0 
