4 VARIABLES

VARIABLE 1 : STATE  #branch types
VARIABLE 2 : INT    #number of internodes
VARIABLE 3 : REAL   #length 
VARIABLE 4 : REAL   #diameter

0 0 0 0 | 0 0 0 0 | 0 0 0 0 | 0 0 0 0 | 0 0 0 0 | 1 3 -1.0 -1.0 | 1 2 -1.0 -1.0 | 0 0 0 0 | 1 5 -1.0 -1.0 | 0 0 0 0 | 0 0 0 0 | 0 0 0 0 | 0 0 0 0 | 0 0 0 0 | 0 0 0 0 | 0 0 0 0 | 0 0 0 0 | 0 0 0 0 | 0 0 0 0 | 0 0 0 0 | 0 0 0 0 | 0 0 0 0 | 0 0 0 0 | 0 0 0 0 | 1 2 -1.0 -1.0 | 3 57 91.5 1.4489999771118165 | 3 40 58.0 1.0800000190734864 | 3 35 55.0 0.86099996566772463 | 3 44 67.0 1.134000015258789 | 2 13 14.5 0.63099999427795406 | 3 48 71.0 1.1670000076293945 | 3 37 54.0 0.92500000000000004 | 1 6 -1.0 -1.0 | 1 5 -1.0 -1.0 | 0 0 0 0 | 1 3 -1.0 -1.0 | 1 3 -1.0 -1.0 | 1 2 -1.0 -1.0 | 0 0 0 0 | 0 0 0 0 | 0 0 0 0 | 0 0 0 0 | 0 0 0 0 | 1 7 -1.0 -1.0 | 0 0 0 0 | 0 0 0 0 | 1 1 -1.0 -1.0 | 0 0 0 0 | 1 6 -1.0 -1.0 | 1 1 -1.0 -1.0 | 3 25 45.5 0.80399999618530271 | 3 18 23.0 0.56999998092651372 | 2 13 16.5 0.52899999618530269 | 2 16 13.5 0.52500000000000002 | 1 5 -1.0 -1.0 | 1 5 -1.0 -1.0 | 1 6 -1.0 -1.0 | 1 5 -1.0 -1.0 | 0 0 0 0 | 0 0 0 0 | 0 0 0 0 | 0 0 0 0 | 0 0 0 0 | 0 0 0 0 | 0 0 0 0 | 0 0 0 0 | 0 0 0 0 | 0 0 0 0 | 0 0 0 0 | 1 2 -1.0 -1.0 | 0 0 0 0 | 0 0 0 0 | 0 0 0 0 | 0 0 0 0 | 0 0 0 0 | 0 0 0 0 | 0 0 0 0 
0 0 0 0 | 0 0 0 0 | 0 0 0 0 | 3 64 97.5 1.4369999885559082 | 1 2 -1.0 -1.0 | 3 58 94.5 1.4800000190734863 | 0 0 0 0 | 0 0 0 0 | 3 55 78.0 1.1869999885559082 | 1 2 -1.0 -1.0 | 3 59 98.0 1.4479999542236328 | 1 2 -1.0 -1.0 | 3 51 87.0 1.4279999732971191 | 1 6 -1.0 -1.0 | 1 2 -1.0 -1.0 | 1 3 -1.0 -1.0 | 1 2 -1.0 -1.0 | 1 1 -1.0 -1.0 | 1 1 -1.0 -1.0 | 0 0 0 0 | 0 0 0 0 | 0 0 0 0 | 0 0 0 0 | 0 0 0 0 | 0 0 0 0 | 0 0 0 0 | 0 0 0 0 | 0 0 0 0 | 0 0 0 0 | 0 0 0 0 | 0 0 0 0 | 0 0 0 0 | 0 0 0 0 | 0 0 0 0 | 1 2 -1.0 -1.0 | 0 0 0 0 | 3 41 63.0 1.0229999542236328 | 3 31 48.0 0.86800003051757813 | 2 14 5.5 0.42100000381469727 | 3 35 62.0 0.92200002670288084 | 1 6 -1.0 -1.0 | 1 3 -1.0 -1.0 | 1 3 -1.0 -1.0 | 0 0 0 0 | 0 0 0 0 | 0 0 0 0 | 0 0 0 0 | 0 0 0 0 | 2 14 16.5 0.58099999427795412 | 3 71 144.0 2.4860000610351562 | 3 18 26.0 0.79400000572204588 | 0 0 0 0 | 0 0 0 0 | 0 0 0 0 | 0 0 0 0 | 0 0 0 0 | 0 0 0 0 | 0 0 0 0 | 0 0 0 0 | 0 0 0 0 | 0 0 0 0 | 0 0 0 0 | 0 0 0 0 | 0 0 0 0 | 0 0 0 0 | 0 0 0 0 | 0 0 0 0 | 0 0 0 0 | 0 0 0 0 | 0 0 0 0 | 0 0 0 0 
0 0 0 0 | 0 0 0 0 | 0 0 0 0 | 0 0 0 0 | 3 42 63.0 0.82100000381469729 | 3 62 97.0 1.5609999656677247 | 3 61 101.5 1.6879999160766601 | 3 60 80.0 1.3220000267028809 | 1 19 -1.0 -1.0 | 1 3 -1.0 -1.0 | 1 10 -1.0 -1.0 | 1 2 -1.0 -1.0 | 1 1 -1.0 -1.0 | 0 0 0 0 | 0 0 0 0 | 0 0 0 0 | 0 0 0 0 | 0 0 0 0 | 0 0 0 0 | 0 0 0 0 | 0 0 0 0 | 0 0 0 0 | 0 0 0 0 | 0 0 0 0 | 0 0 0 0 | 0 0 0 0 | 0 0 0 0 | 0 0 0 0 | 0 0 0 0 | 0 0 0 0 | 0 0 0 0 | 0 0 0 0 | 0 0 0 0 | 0 0 0 0 | 0 0 0 0 | 0 0 0 0 | 1 5 -1.0 -1.0 | 1 3 -1.0 -1.0 | 1 3 -1.0 -1.0 | 3 30 60.0 0.8619999885559082 | 2 12 9.0 0.62399997711181643 | 3 27 51.0 0.73200001716613772 | 2 10 6.0 0.57600002288818364 | 1 3 -1.0 -1.0 | 3 25 45.0 0.74000000953674316 | 3 22 36.0 0.62199997901916504 | 1 4 -1.0 -1.0 | 1 3 -1.0 -1.0 | 1 2 -1.0 -1.0 | 1 2 -1.0 -1.0 | 1 2 -1.0 -1.0 | 1 1 -1.0 -1.0 | 1 1 -1.0 -1.0 | 1 1 -1.0 -1.0 | 0 0 0 0 | 0 0 0 0 | 1 1 -1.0 -1.0 | 0 0 0 0 | 0 0 0 0 | 0 0 0 0 | 0 0 0 0 | 0 0 0 0 | 0 0 0 0 | 0 0 0 0 | 1 1 -1.0 -1.0 | 0 0 0 0 | 0 0 0 0 | 0 0 0 0 | 0 0 0 0 | 0 0 0 0 | 0 0 0 0 | 0 0 0 0 | 0 0 0 0 | 0 0 0 0 | 0 0 0 0 
0 0 0 0 | 0 0 0 0 | 3 63 89.0 1.1859999656677247 | 3 63 91.0 1.5399999618530273 | 3 64 89.0 1.1279999732971191 | 1 1 -1.0 -1.0 | 3 61 87.5 1.3300000190734864 | 3 58 90.0 1.3239999771118165 | 0 0 0 0 | 1 9 -1.0 -1.0 | 1 2 -1.0 -1.0 | 1 3 -1.0 -1.0 | 1 1 -1.0 -1.0 | 1 1 -1.0 -1.0 | 1 1 -1.0 -1.0 | 0 0 0 0 | 0 0 0 0 | 0 0 0 0 | 0 0 0 0 | 0 0 0 0 | 0 0 0 0 | 0 0 0 0 | 0 0 0 0 | 0 0 0 0 | 0 0 0 0 | 0 0 0 0 | 0 0 0 0 | 0 0 0 0 | 3 41 66.0 1.05 | 0 0 0 0 | 1 1 -1.0 -1.0 | 2 13 5.0 0.58099999427795412 | 0 0 0 0 | 1 3 -1.0 -1.0 | 3 35 45.0 0.72199997901916502 | 3 34 57.5 0.88999996185302732 | 3 35 54.0 0.83000001907348631 | 3 33 63.0 0.94799995422363281 | 3 75 161.0 2.2020000457763671 | 0 0 0 0 | 0 0 0 0 | 0 0 0 0 | 0 0 0 0 | 0 0 0 0 | 0 0 0 0 | 1 4 -1.0 -1.0 | 0 0 0 0 | 0 0 0 0 | 0 0 0 0 | 0 0 0 0 | 0 0 0 0 | 0 0 0 0 | 0 0 0 0 | 0 0 0 0 | 0 0 0 0 | 0 0 0 0 | 0 0 0 0 | 0 0 0 0 | 0 0 0 0 | 0 0 0 0 | 0 0 0 0 | 1 3 -1.0 -1.0 | 0 0 0 0 | 1 2 -1.0 -1.0 | 1 1 -1.0 -1.0 | 0 0 0 0 | 0 0 0 0 | 0 0 0 0 | 0 0 0 0 | 0 0 0 0 | 0 0 0 0 | 0 0 0 0 | 0 0 0 0 | 0 0 0 0 | 0 0 0 0 
0 0 0 0 | 0 0 0 0 | 3 61 110.0 1.4989999771118163 | 1 1 -1.0 -1.0 | 3 58 72.5 1.1319999694824219 | 3 64 106.0 1.7389999389648438 | 3 59 77.0 0.8649999618530273 | 3 50 72.5 1.0039999961853028 | 1 2 -1.0 -1.0 | 3 52 74.0 1.1029999732971192 | 1 2 -1.0 -1.0 | 1 2 -1.0 -1.0 | 1 2 -1.0 -1.0 | 1 1 -1.0 -1.0 | 0 0 0 0 | 0 0 0 0 | 0 0 0 0 | 0 0 0 0 | 0 0 0 0 | 0 0 0 0 | 0 0 0 0 | 0 0 0 0 | 3 52 76.0 1.0600000381469727 | 3 56 83.0 1.1399999618530274 | 3 52 75.0 1.0600000381469727 | 3 51 80.0 1.1909999847412109 | 3 47 78.0 1.0920000076293945 | 3 37 64.0 0.93299999237060549 | 1 4 -1.0 -1.0 | 1 3 -1.0 -1.0 | 1 4 -1.0 -1.0 | 0 0 0 0 | 0 0 0 0 | 0 0 0 0 | 0 0 0 0 | 0 0 0 0 | 0 0 0 0 | 0 0 0 0 | 0 0 0 0 | 0 0 0 0 | 1 6 -1.0 -1.0 | 0 0 0 0 | 0 0 0 0 | 0 0 0 0 | 0 0 0 0 | 3 24 44.0 0.75500001907348635 | 0 0 0 0 | 1 1 -1.0 -1.0 | 3 15 22.0 0.57499999999999996 | 1 2 -1.0 -1.0 | 1 6 -1.0 -1.0 | 3 18 35.5 0.65500001907348637 | 1 3 -1.0 -1.0 | 0 0 0 0 | 0 0 0 0 | 0 0 0 0 | 0 0 0 0 | 0 0 0 0 | 0 0 0 0 | 0 0 0 0 | 0 0 0 0 | 0 0 0 0 | 1 2 -1.0 -1.0 | 1 5 -1.0 -1.0 | 0 0 0 0 | 1 1 -1.0 -1.0 | 0 0 0 0 | 0 0 0 0 
0 0 0 0 | 0 0 0 0 | 3 61 93.0 1.4319999694824219 | 0 0 0 0 | 1 1 -1.0 -1.0 | 0 0 0 0 | 3 57 85.0 1.1210000038146972 | 1 1 -1.0 -1.0 | 0 0 0 0 | 0 0 0 0 | 0 0 0 0 | 0 0 0 0 | 0 0 0 0 | 0 0 0 0 | 0 0 0 0 | 0 0 0 0 | 0 0 0 0 | 0 0 0 0 | 0 0 0 0 | 1 1 -1.0 -1.0 | 3 43 75.0 1.0810000419616699 | 1 1 -1.0 -1.0 | 3 47 72.0 1.1720000267028809 | 3 47 84.0 1.2300000190734863 | 3 45 85.0 1.1739999771118164 | 1 4 -1.0 -1.0 | 1 4 -1.0 -1.0 | 3 46 88.0 1.2939999580383301 | 1 9 -1.0 -1.0 | 1 2 -1.0 -1.0 | 1 5 -1.0 -1.0 | 1 1 -1.0 -1.0 | 0 0 0 0 | 0 0 0 0 | 0 0 0 0 | 3 29 55.0 0.72399997711181641 | 0 0 0 0 | 0 0 0 0 | 1 5 -1.0 -1.0 | 3 34 72.0 1.0989999771118164 | 2 10 5.5 0.54400000572204588 | 3 30 60.0 0.92600002288818362 | 3 22 39.0 0.70300002098083492 | 1 2 -1.0 -1.0 | 0 0 0 0 | 1 3 -1.0 -1.0 | 1 3 -1.0 -1.0 | 1 3 -1.0 -1.0 | 1 4 -1.0 -1.0 | 2 10 10.0 0.50799999237060545 | 3 21 43.0 0.62399997711181643 | 2 14 21.0 0.69200000762939451 | 2 10 13.0 0.52899999618530269 | 3 18 25.0 0.5559999942779541 | 1 1 -1.0 -1.0 | 0 0 0 0 | 1 1 -1.0 -1.0 | 1 1 -1.0 -1.0 | 1 1 -1.0 -1.0 | 0 0 0 0 | 0 0 0 0 | 0 0 0 0 | 0 0 0 0 | 1 1 -1.0 -1.0 | 1 4 -1.0 -1.0 | 1 4 -1.0 -1.0 | 1 3 -1.0 -1.0 | 1 2 -1.0 -1.0 | 0 0 0 0 | 0 0 0 0 | 0 0 0 0 | 0 0 0 0 | 0 0 0 0 | 0 0 0 0 | 0 0 0 0 | 0 0 0 0 | 0 0 0 0 
0 0 0 0 | 0 0 0 0 | 0 0 0 0 | 3 48 66.0 1.0439999580383301 | 1 3 -1.0 -1.0 | 3 59 93.0 1.2850000381469726 | 3 55 87.0 1.459000015258789 | 3 61 97.0 1.365999984741211 | 3 46 64.0 0.95299997329711916 | 3 55 89.0 1.5800000190734864 | 1 3 -1.0 -1.0 | 1 2 -1.0 -1.0 | 1 2 -1.0 -1.0 | 1 1 -1.0 -1.0 | 0 0 0 0 | 0 0 0 0 | 0 0 0 0 | 0 0 0 0 | 0 0 0 0 | 0 0 0 0 | 0 0 0 0 | 0 0 0 0 | 0 0 0 0 | 0 0 0 0 | 0 0 0 0 | 0 0 0 0 | 0 0 0 0 | 0 0 0 0 | 0 0 0 0 | 0 0 0 0 | 0 0 0 0 | 0 0 0 0 | 0 0 0 0 | 0 0 0 0 | 0 0 0 0 | 0 0 0 0 | 0 0 0 0 | 1 4 -1.0 -1.0 | 1 3 -1.0 -1.0 | 3 33 57.0 0.86300001144409177 | 3 31 43.0 0.83500003814697266 | 1 3 -1.0 -1.0 | 1 3 -1.0 -1.0 | 0 0 0 0 | 0 0 0 0 | 1 7 -1.0 -1.0 | 0 0 0 0 | 0 0 0 0 | 0 0 0 0 | 2 18 18.0 0.63299999237060545 | 1 7 -1.0 -1.0 | 3 20 39.0 0.65199999809265141 | 2 14 15.0 0.57600002288818364 | 1 1 -1.0 -1.0 | 1 3 -1.0 -1.0 | 1 1 -1.0 -1.0 | 1 5 -1.0 -1.0 | 1 2 -1.0 -1.0 | 1 1 -1.0 -1.0 | 0 0 0 0 | 0 0 0 0 | 0 0 0 0 | 0 0 0 0 | 0 0 0 0 | 0 0 0 0 | 1 1 -1.0 -1.0 | 0 0 0 0 | 0 0 0 0 | 1 2 -1.0 -1.0 | 0 0 0 0 | 0 0 0 0 | 0 0 0 0 | 0 0 0 0 | 0 0 0 0 | 0 0 0 0 | 0 0 0 0 | 0 0 0 0 | 0 0 0 0 
0 0 0 0 | 3 41 74.5 1.143000030517578 | 0 0 0 0 | 0 0 0 0 | 3 58 98.0 1.2449999809265138 | 0 0 0 0 | 3 56 91.0 1.3890000343322755 | 3 55 90.0 1.5140000343322755 | 3 50 72.0 0.90600004196166994 | 3 56 95.5 1.3479999542236327 | 3 56 96.5 1.2199999809265136 | 3 50 82.0 1.1699999809265136 | 1 2 -1.0 -1.0 | 1 2 -1.0 -1.0 | 0 0 0 0 | 3 45 75.0 0.89300003051757815 | 0 0 0 0 | 0 0 0 0 | 0 0 0 0 | 0 0 0 0 | 0 0 0 0 | 0 0 0 0 | 3 44 86.5 1.209000015258789 | 3 44 80.0 1.05600004196167 | 3 45 85.0 1.1100000381469726 | 3 44 84.0 1.2300000190734863 | 3 72 163.0 2.4120000839233398 | 0 0 0 0 | 0 0 0 0 | 0 0 0 0 | 0 0 0 0 | 0 0 0 0 | 0 0 0 0 | 0 0 0 0 | 0 0 0 0 | 0 0 0 0 | 0 0 0 0 | 0 0 0 0 | 0 0 0 0 | 0 0 0 0 | 0 0 0 0 | 0 0 0 0 | 0 0 0 0 | 0 0 0 0 | 0 0 0 0 | 0 0 0 0 | 0 0 0 0 | 0 0 0 0 | 0 0 0 0 | 0 0 0 0 | 1 1 -1.0 -1.0 | 1 1 -1.0 -1.0 | 1 5 -1.0 -1.0 | 0 0 0 0 | 0 0 0 0 | 0 0 0 0 | 0 0 0 0 | 1 1 -1.0 -1.0 | 1 1 -1.0 -1.0 | 0 0 0 0 | 0 0 0 0 | 0 0 0 0 | 0 0 0 0 | 0 0 0 0 | 0 0 0 0 | 0 0 0 0 | 0 0 0 0 | 0 0 0 0 | 0 0 0 0 | 0 0 0 0 | 0 0 0 0 | 0 0 0 0 
0 0 0 0 | 3 46 77.0 1.1270000457763671 | 0 0 0 0 | 0 0 0 0 | 3 51 88.0 1.3529999732971192 | 0 0 0 0 | 3 60 82.0 1.4470000267028809 | 1 1 -1.0 -1.0 | 1 2 -1.0 -1.0 | 1 2 -1.0 -1.0 | 0 0 0 0 | 1 1 -1.0 -1.0 | 0 0 0 0 | 0 0 0 0 | 0 0 0 0 | 0 0 0 0 | 0 0 0 0 | 0 0 0 0 | 0 0 0 0 | 0 0 0 0 | 3 41 70.0 1.1619999885559082 | 0 0 0 0 | 0 0 0 0 | 0 0 0 0 | 0 0 0 0 | 3 43 78.0 1.1260000228881837 | 1 3 -1.0 -1.0 | 1 1 -1.0 -1.0 | 1 2 -1.0 -1.0 | 0 0 0 0 | 3 41 69.0 1.0829999923706055 | 1 3 -1.0 -1.0 | 1 2 -1.0 -1.0 | 1 6 -1.0 -1.0 | 1 2 -1.0 -1.0 | 1 2 -1.0 -1.0 | 0 0 0 0 | 1 2 -1.0 -1.0 | 1 5 -1.0 -1.0 | 3 24 42.0 0.74499998092651365 | 3 34 66.0 1.2329999923706054 | 1 7 -1.0 -1.0 | 3 25 42.0 0.96000003814697266 | 1 3 -1.0 -1.0 | 1 2 -1.0 -1.0 | 3 23 31.0 0.71399998664855957 | 2 18 16.0 0.59200000762939453 | 0 0 0 0 | 0 0 0 0 | 0 0 0 0 | 0 0 0 0 | 0 0 0 0 | 1 2 -1.0 -1.0 | 1 3 -1.0 -1.0 | 1 2 -1.0 -1.0 | 1 4 -1.0 -1.0 | 2 12 9.0 0.69099998474121094 | 2 10 6.0 0.56300001144409184 | 1 1 -1.0 -1.0 | 0 0 0 0 | 0 0 0 0 | 0 0 0 0 | 0 0 0 0 | 0 0 0 0 | 0 0 0 0 | 0 0 0 0 | 0 0 0 0 | 0 0 0 0 | 1 3 -1.0 -1.0 | 0 0 0 0 
0 0 0 0 | 0 0 0 0 | 3 67 99.0 1.5380000114440917 | 0 0 0 0 | 3 59 87.0 1.3149999618530273 | 1 8 -1.0 -1.0 | 1 2 -1.0 -1.0 | 3 57 82.0 1.2729999542236328 | 1 2 -1.0 -1.0 | 1 6 -1.0 -1.0 | 1 1 -1.0 -1.0 | 1 1 -1.0 -1.0 | 0 0 0 0 | 3 48 69.0 1.0880000114440918 | 0 0 0 0 | 0 0 0 0 | 1 2 -1.0 -1.0 | 0 0 0 0 | 0 0 0 0 | 0 0 0 0 | 0 0 0 0 | 0 0 0 0 | 0 0 0 0 | 3 45 66.0 1.2100000381469727 | 3 43 61.0 0.98800001144409177 | 1 4 -1.0 -1.0 | 1 3 -1.0 -1.0 | 1 2 -1.0 -1.0 | 0 0 0 0 | 0 0 0 0 | 0 0 0 0 | 0 0 0 0 | 0 0 0 0 | 0 0 0 0 | 0 0 0 0 | 0 0 0 0 | 0 0 0 0 | 0 0 0 0 | 0 0 0 0 | 1 7 -1.0 -1.0 | 3 34 56.0 0.97499999999999998 | 1 3 -1.0 -1.0 | 1 1 -1.0 -1.0 | 2 8 7.0 0.65900001525878904 | 3 25 45.0 0.88900003433227537 | 3 26 42.0 0.82600002288818364 | 3 27 53.0 0.86000003814697268 | 1 3 -1.0 -1.0 | 3 18 21.0 0.64600000381469724 | 1 3 -1.0 -1.0 | 0 0 0 0 | 3 21 39.0 0.83400001525878908 | 1 1 -1.0 -1.0 | 0 0 0 0 | 1 1 -1.0 -1.0 | 0 0 0 0 | 1 5 -1.0 -1.0 | 1 4 -1.0 -1.0 | 1 11 -2.0 -1.0 | 1 2 -1.0 -1.0 | 1 2 -1.0 -1.0 | 0 0 0 0 | 1 2 -1.0 -1.0 | 0 0 0 0 | 0 0 0 0 | 0 0 0 0 | 0 0 0 0 | 0 0 0 0 | 0 0 0 0 | 0 0 0 0 | 1 1 -1.0 -1.0 | 0 0 0 0 | 0 0 0 0 | 0 0 0 0 | 0 0 0 0 
0 0 0 0 | 0 0 0 0 | 0 0 0 0 | 3 59 93.0 1.2489999771118163 | 3 64 100.0 1.5149999618530274 | 3 57 95.0 1.6600000381469726 | 3 58 97.0 1.2779999732971192 | 1 3 -1.0 -1.0 | 3 54 97.0 1.4880000114440919 | 3 55 100.0 1.2970000267028809 | 3 53 99.0 1.2699999809265137 | 1 7 -1.0 -1.0 | 1 2 -1.0 -1.0 | 1 1 -1.0 -1.0 | 1 1 -1.0 -1.0 | 0 0 0 0 | 0 0 0 0 | 0 0 0 0 | 0 0 0 0 | 0 0 0 0 | 0 0 0 0 | 0 0 0 0 | 0 0 0 0 | 1 1 -1.0 -1.0 | 0 0 0 0 | 0 0 0 0 | 0 0 0 0 | 0 0 0 0 | 0 0 0 0 | 0 0 0 0 | 0 0 0 0 | 0 0 0 0 | 1 2 -1.0 -1.0 | 0 0 0 0 | 0 0 0 0 | 1 3 -1.0 -1.0 | 1 4 -1.0 -1.0 | 3 33 61.0 1.1140000343322753 | 3 29 45.0 0.76399998664855961 | 3 31 56.0 0.83500003814697266 | 1 3 -1.0 -1.0 | 1 2 -1.0 -1.0 | 0 0 0 0 | 0 0 0 0 | 0 0 0 0 | 0 0 0 0 | 1 1 -1.0 -1.0 | 0 0 0 0 | 1 3 -1.0 -1.0 | 1 4 -1.0 -1.0 | 1 3 -1.0 -1.0 | 0 0 0 0 | 1 1 -1.0 -1.0 | 1 1 -1.0 -1.0 | 0 0 0 0 | 2 14 13.0 0.55000000000000004 | 1 3 -1.0 -1.0 | 1 1 -1.0 -1.0 | 0 0 0 0 | 0 0 0 0 | 1 2 -1.0 -1.0 | 1 3 -1.0 -1.0 | 1 2 -1.0 -1.0 | 1 1 -1.0 -1.0 | 0 0 0 0 | 0 0 0 0 | 0 0 0 0 | 0 0 0 0 | 0 0 0 0 | 0 0 0 0 | 0 0 0 0 | 0 0 0 0 | 0 0 0 0 | 0 0 0 0 
0 0 0 0 | 0 0 0 0 | 0 0 0 0 | 0 0 0 0 | 3 52 71.0 1.0149999618530274 | 1 2 -1.0 -1.0 | 3 58 93.0 1.2399999618530273 | 3 64 105.0 1.8729999542236329 | 1 1 -1.0 -1.0 | 3 51 67.0 0.92700004577636719 | 1 3 -1.0 -1.0 | 0 0 0 0 | 0 0 0 0 | 0 0 0 0 | 0 0 0 0 | 0 0 0 0 | 0 0 0 0 | 0 0 0 0 | 0 0 0 0 | 0 0 0 0 | 0 0 0 0 | 0 0 0 0 | 0 0 0 0 | 0 0 0 0 | 0 0 0 0 | 0 0 0 0 | 0 0 0 0 | 0 0 0 0 | 0 0 0 0 | 0 0 0 0 | 0 0 0 0 | 0 0 0 0 | 0 0 0 0 | 0 0 0 0 | 0 0 0 0 | 1 1 -1.0 -1.0 | 1 2 -1.0 -1.0 | 0 0 0 0 | 0 0 0 0 | 3 29 47.0 0.65999999046325686 | 1 1 -1.0 -1.0 | 3 32 65.0 0.96499996185302739 | 3 28 45.0 0.80200004577636719 | 0 0 0 0 | 0 0 0 0 | 0 0 0 0 | 1 7 -1.0 -1.0 | 1 1 -1.0 -1.0 | 1 1 -1.0 -1.0 | 1 3 -1.0 -1.0 | 1 2 -1.0 -1.0 | 1 1 -1.0 -1.0 | 1 1 -1.0 -1.0 | 1 1 -1.0 -1.0 | 1 1 -1.0 -1.0 | 0 0 0 0 | 0 0 0 0 | 1 1 -1.0 -1.0 | 1 1 -1.0 -1.0 | 0 0 0 0 | 0 0 0 0 | 0 0 0 0 | 0 0 0 0 | 0 0 0 0 | 0 0 0 0 | 0 0 0 0 | 0 0 0 0 | 0 0 0 0 | 0 0 0 0 | 0 0 0 0 | 0 0 0 0 | 0 0 0 0 | 0 0 0 0 | 0 0 0 0 | 0 0 0 0 
0 0 0 0 | 0 0 0 0 | 3 62 100.0 1.5279999732971192 | 0 0 0 0 | 0 0 0 0 | 3 57 11.0 1.4609999656677246 | 0 0 0 0 | 0 0 0 0 | 1 3 -1.0 -1.0 | 0 0 0 0 | 1 9 -1.0 -1.0 | 3 52 91.0 1.1470000267028808 | 0 0 0 0 | 0 0 0 0 | 0 0 0 0 | 0 0 0 0 | 0 0 0 0 | 0 0 0 0 | 0 0 0 0 | 0 0 0 0 | 0 0 0 0 | 0 0 0 0 | 0 0 0 0 | 0 0 0 0 | 1 2 -1.0 -1.0 | 1 2 -1.0 -1.0 | 0 0 0 0 | 3 45 85.0 1.2170000076293945 | 2 15 7.0 0.76799998283386228 | 2 12 5.0 0.70399999618530273 | 3 40 71.0 1.0720000267028809 | 0 0 0 0 | 3 38 62.0 0.8850000381469727 | 1 10 -1.0 -1.0 | 0 0 0 0 | 2 9 5.0 0.56399998664855955 | 3 33 59.0 0.93199996948242192 | 1 5 -1.0 -1.0 | 3 29 58.0 0.91700000762939449 | 1 4 -1.0 -1.0 | 3 29 56.0 0.84200000762939453 | 3 27 55.0 0.94999999999999996 | 2 17 12.0 0.68600001335144045 | 3 28 59.0 0.93900003433227541 | 1 2 -1.0 -1.0 | 0 0 0 0 | 0 0 0 0 | 0 0 0 0 | 1 1 -1.0 -1.0 | 1 2 -1.0 -1.0 | 0 0 0 0 | 1 1 -1.0 -1.0 | 0 0 0 0 | 1 1 -1.0 -1.0 | 1 5 -1.0 -1.0 | 1 1 -1.0 -1.0 | 1 4 -1.0 -1.0 | 0 0 0 0 | 0 0 0 0 | 0 0 0 0 | 1 1 -1.0 -1.0 | 0 0 0 0 | 0 0 0 0 | 0 0 0 0 | 0 0 0 0 | 0 0 0 0 | 0 0 0 0 | 0 0 0 0 | 0 0 0 0 | 0 0 0 0 | 0 0 0 0 | 0 0 0 0 | 0 0 0 0 | 0 0 0 0 | 0 0 0 0 | 0 0 0 0 | 0 0 0 0 | 0 0 0 0 | 0 0 0 0 | 0 0 0 0 | 0 0 0 0 | 0 0 0 0 
0 0 0 0 | 0 0 0 0 | 0 0 0 0 | 0 0 0 0 | 3 50 56.0 1.1880000114440918 | 0 0 0 0 | 0 0 0 0 | 3 42 44.0 0.84999999999999998 | 1 2 -1.0 -1.0 | 1 1 -1.0 -1.0 | 3 37 63.0 1.1729999542236329 | 0 0 0 0 | 1 1 -1.0 -1.0 | 0 0 0 0 | 3 49 69.0 1.3170000076293946 | 1 5 -1.0 -1.0 | 0 0 0 0 | 1 1 -1.0 -1.0 | 0 0 0 0 | 0 0 0 0 | 0 0 0 0 | 0 0 0 0 | 0 0 0 0 | 1 1 -1.0 -1.0 | 3 42 71.0 1.2739999771118165 | 3 44 63.0 1.1649999618530273 | 3 39 62.0 1.2060000419616699 | 3 43 65.0 1.2130000114440918 | 2 9 5.0 0.53600001335144043 | 1 4 -1.0 -1.0 | 1 3 -1.0 -1.0 | 1 2 -1.0 -1.0 | 0 0 0 0 | 0 0 0 0 | 0 0 0 0 | 0 0 0 0 | 0 0 0 0 | 0 0 0 0 | 0 0 0 0 | 0 0 0 0 | 0 0 0 0 | 1 1 -1.0 -1.0 | 2 10 6.0 0.54899997711181636 | 1 2 -1.0 -1.0 | 0 0 0 0 | 0 0 0 0 | 0 0 0 0 | 0 0 0 0 | 0 0 0 0 | 0 0 0 0 | 0 0 0 0 | 0 0 0 0 | 0 0 0 0 | 0 0 0 0 | 1 2 -1.0 -1.0 | 0 0 0 0 | 0 0 0 0 | 0 0 0 0 | 0 0 0 0 | 0 0 0 0 | 0 0 0 0 | 0 0 0 0 | 0 0 0 0 | 0 0 0 0 | 0 0 0 0 | 0 0 0 0 | 0 0 0 0 | 0 0 0 0 | 0 0 0 0 | 0 0 0 0 | 0 0 0 0 | 0 0 0 0 | 0 0 0 0 | 0 0 0 0 | 0 0 0 0 
0 0 0 0 | 0 0 0 0 | 0 0 0 0 | 3 61 97.0 1.3869999885559081 | 1 1 -1.0 -1.0 | 3 54 87.0 1.3270000457763671 | 1 9 -1.0 -1.0 | 1 2 -1.0 -1.0 | 3 56 86.0 1.3270000457763671 | 3 52 93.0 1.4199999809265136 | 1 3 -1.0 -1.0 | 1 12 -1.0 -1.0 | 1 2 -1.0 -1.0 | 1 1 -1.0 -1.0 | 0 0 0 0 | 0 0 0 0 | 0 0 0 0 | 0 0 0 0 | 0 0 0 0 | 0 0 0 0 | 0 0 0 0 | 0 0 0 0 | 0 0 0 0 | 0 0 0 0 | 0 0 0 0 | 3 38 67.0 1.1689999580383301 | 3 41 73.0 1.1460000038146974 | 3 44 84.0 1.240999984741211 | 3 44 74.0 1.2539999961853028 | 1 5 -1.0 -1.0 | 1 6 -1.0 -1.0 | 1 6 -1.0 -1.0 | 1 8 -1.0 -1.0 | 1 4 -1.0 -1.0 | 1 1 -1.0 -1.0 | 1 2 -1.0 -1.0 | 0 0 0 0 | 0 0 0 0 | 1 6 -1.0 -1.0 | 1 2 -1.0 -1.0 | 1 3 -1.0 -1.0 | 3 30 51.0 0.87399997711181643 | 3 26 51.0 0.97299995422363283 | 3 24 44.0 0.875 | 1 1 -1.0 -1.0 | 1 1 -1.0 -1.0 | 1 1 -1.0 -1.0 | 1 1 -1.0 -1.0 | 3 23 48.0 0.79899997711181636 | 3 24 46.0 0.74600000381469722 | 3 19 31.0 0.65300002098083498 | 2 11 8.0 0.57300000190734868 | 2 8 7.0 0.51700000762939458 | 1 5 -1.0 -1.0 | 1 6 -1.0 -1.0 | 1 4 -1.0 -1.0 | 1 3 -1.0 -1.0 | 1 1 -1.0 -1.0 | 0 0 0 0 | 0 0 0 0 | 0 0 0 0 | 0 0 0 0 | 0 0 0 0 | 0 0 0 0 | 0 0 0 0 | 0 0 0 0 | 0 0 0 0 | 1 1 -1.0 -1.0 | 1 2 -1.0 -1.0 | 0 0 0 0 | 0 0 0 0 | 0 0 0 0 | 0 0 0 0 | 0 0 0 0 | 0 0 0 0 | 0 0 0 0 | 0 0 0 0 | 0 0 0 0 
0 0 0 0 | 0 0 0 0 | 0 0 0 0 | 0 0 0 0 | 0 0 0 0 | 3 66 91.0 1.1670000076293945 | 3 60 80.0 1.2439999580383301 | 1 3 -1.0 -1.0 | 3 59 83.0 1.1640000343322754 | 3 58 81.0 1.134000015258789 | 3 58 89.0 1.2699999809265137 | 3 49 67.0 1.0380000114440917 | 3 28 26.0 0.68200001716613767 | 1 1 -1.0 -1.0 | 1 1 -1.0 -1.0 | 1 1 -1.0 -1.0 | 1 5 -1.0 -1.0 | 1 3 -1.0 -1.0 | 3 42 76.0 1.1109999656677245 | 3 50 82.0 1.2520000457763671 | 3 78 150.0 2.125 | 0 0 0 0 | 0 0 0 0 | 0 0 0 0 | 0 0 0 0 | 0 0 0 0 | 1 1 -1.0 -1.0 | 0 0 0 0 | 0 0 0 0 | 0 0 0 0 | 0 0 0 0 | 0 0 0 0 | 0 0 0 0 | 0 0 0 0 | 0 0 0 0 | 0 0 0 0 | 0 0 0 0 | 0 0 0 0 | 0 0 0 0 | 1 1 -1.0 -1.0 | 1 1 -1.0 -1.0 | 0 0 0 0 | 0 0 0 0 | 0 0 0 0 | 1 1 -1.0 -1.0 | 0 0 0 0 | 0 0 0 0 | 1 4 -1.0 -1.0 | 1 1 -1.0 -1.0 | 1 2 -1.0 -1.0 | 1 4 -1.0 -1.0 | 1 3 -1.0 -1.0 | 3 21 31.0 0.71100001335144047 | 3 22 33.0 0.68800001144409184 | 1 3 -1.0 -1.0 | 1 2 -1.0 -1.0 | 1 3 -1.0 -1.0 | 1 2 -1.0 -1.0 | 1 2 -1.0 -1.0 | 0 0 0 0 | 0 0 0 0 | 0 0 0 0 | 0 0 0 0 | 0 0 0 0 | 0 0 0 0 | 1 2 -1.0 -1.0 | 1 1 -1.0 -1.0 | 1 1 -1.0 -1.0 | 0 0 0 0 | 0 0 0 0 | 0 0 0 0 | 0 0 0 0 | 0 0 0 0 | 0 0 0 0 | 0 0 0 0 | 0 0 0 0 | 0 0 0 0 | 0 0 0 0 
0 0 0 0 | 0 0 0 0 | 0 0 0 0 | 0 0 0 0 | 0 0 0 0 | 3 61 93.0 1.3409999847412108 | 3 63 110.0 1.6670000076293945 | 3 57 90.0 1.5020000457763671 | 3 50 64.0 1.0249999999999999 | 1 2 -1.0 -1.0 | 1 2 -1.0 -1.0 | 1 3 -1.0 -1.0 | 0 0 0 0 | 1 1 -1.0 -1.0 | 0 0 0 0 | 0 0 0 0 | 0 0 0 0 | 0 0 0 0 | 0 0 0 0 | 0 0 0 0 | 0 0 0 0 | 0 0 0 0 | 0 0 0 0 | 0 0 0 0 | 0 0 0 0 | 0 0 0 0 | 0 0 0 0 | 0 0 0 0 | 0 0 0 0 | 1 7 -1.0 -1.0 | 1 2 -1.0 -1.0 | 3 25 24.0 0.75700001716613774 | 1 2 -1.0 -1.0 | 1 9 -1.0 -1.0 | 1 3 -1.0 -1.0 | 1 1 -1.0 -1.0 | 1 1 -1.0 -1.0 | 0 0 0 0 | 3 25 32.0 0.7070000171661377 | 1 2 -1.0 -1.0 | 0 0 0 0 | 1 1 -1.0 -1.0 | 0 0 0 0 | 0 0 0 0 | 0 0 0 0 | 3 23 48.0 0.86099996566772463 | 3 22 33.0 0.67399997711181636 | 3 19 39.0 0.84600000381469731 | 3 20 38.0 0.73000001907348633 | 2 10 15.0 0.56399998664855955 | 3 23 42.0 0.7369999885559082 | 2 8 8.0 0.54000000953674321 | 2 7 7.0 0.50999999046325684 | 1 4 -1.0 -1.0 | 1 4 -1.0 -1.0 | 1 1 -1.0 -1.0 | 0 0 0 0 | 0 0 0 0 | 1 1 -1.0 -1.0 | 0 0 0 0 | 0 0 0 0 | 0 0 0 0 | 0 0 0 0 | 0 0 0 0 | 0 0 0 0 | 0 0 0 0 | 0 0 0 0 | 0 0 0 0 | 0 0 0 0 | 0 0 0 0 | 0 0 0 0 | 0 0 0 0 
0 0 0 0 | 0 0 0 0 | 0 0 0 0 | 3 57 87.0 1.356999969482422 | 3 39 34.0 0.75100002288818357 | 1 2 -1.0 -1.0 | 3 55 81.0 1.2029999732971191 | 1 3 -1.0 -1.0 | 3 49 89.0 1.3310000419616699 | 1 2 -1.0 -1.0 | 1 4 -1.0 -1.0 | 3 49 76.0 1.0670000076293946 | 0 0 0 0 | 3 51 82.0 1.425 | 0 0 0 0 | 0 0 0 0 | 3 40 63.0 1.0520000457763672 | 2 21 13.0 0.63499999046325684 | 3 70 126.5 2.2329999923706056 | 3 43 50.0 1.1229999542236329 | 0 0 0 0 | 0 0 0 0 | 0 0 0 0 | 0 0 0 0 | 0 0 0 0 | 0 0 0 0 | 0 0 0 0 | 0 0 0 0 | 0 0 0 0 | 0 0 0 0 | 0 0 0 0 | 0 0 0 0 | 0 0 0 0 | 0 0 0 0 | 0 0 0 0 | 0 0 0 0 | 0 0 0 0 | 0 0 0 0 | 0 0 0 0 | 0 0 0 0 | 0 0 0 0 | 0 0 0 0 | 0 0 0 0 | 0 0 0 0 | 0 0 0 0 | 0 0 0 0 | 3 16 25.0 0.59800000190734859 | 2 15 13.0 0.59699997901916502 | 1 4 -1.0 -1.0 | 1 5 -1.0 -1.0 | 1 3 -1.0 -1.0 | 1 2 -1.0 -1.0 | 1 1 -1.0 -1.0 | 0 0 0 0 | 0 0 0 0 | 0 0 0 0 | 0 0 0 0 | 0 0 0 0 | 0 0 0 0 | 0 0 0 0 | 0 0 0 0 | 0 0 0 0 | 0 0 0 0 | 0 0 0 0 | 0 0 0 0 | 0 0 0 0 | 0 0 0 0 | 0 0 0 0 | 0 0 0 0 | 0 0 0 0 
0 0 0 0 | 0 0 0 0 | 3 60 78.0 1.4220000267028809 | 0 0 0 0 | 1 1 -1.0 -1.0 | 3 56 90.0 1.3949999809265137 | 1 12 -1.0 -1.0 | 1 11 -1.0 -1.0 | 1 3 -1.0 -1.0 | 3 50 97.0 1.2659999847412109 | 1 10 -1.0 -1.0 | 1 2 -1.0 -1.0 | 3 50 97.0 1.3920000076293946 | 0 0 0 0 | 0 0 0 0 | 0 0 0 0 | 0 0 0 0 | 1 2 -1.0 -1.0 | 0 0 0 0 | 0 0 0 0 | 1 1 -1.0 -1.0 | 0 0 0 0 | 0 0 0 0 | 1 1 -1.0 -1.0 | 0 0 0 0 | 0 0 0 0 | 3 39 63.0 1.0319999694824218 | 1 2 -1.0 -1.0 | 3 26 42.0 0.74200000762939455 | 3 37 71.0 1.0819999694824218 | 3 36 57.0 0.98500003814697268 | 3 31 58.0 0.84600000381469731 | 1 3 -1.0 -1.0 | 1 2 -1.0 -1.0 | 2 10 5.0 0.57100000381469729 | 1 1 -1.0 -1.0 | 0 0 0 0 | 0 0 0 0 | 0 0 0 0 | 0 0 0 0 | 0 0 0 0 | 0 0 0 0 | 1 2 -1.0 -1.0 | 1 5 -1.0 -1.0 | 0 0 0 0 | 1 1 -1.0 -1.0 | 3 18 39.0 0.76399998664855961 | 1 6 -1.0 -1.0 | 1 6 -1.0 -1.0 | 3 15 26.0 0.55799999237060549 | 2 14 18.0 0.51700000762939458 | 2 7 7.0 0.54099998474121092 | 1 4 -1.0 -1.0 | 1 4 -1.0 -1.0 | 1 3 -1.0 -1.0 | 0 0 0 0 | 0 0 0 0 | 0 0 0 0 | 0 0 0 0 | 0 0 0 0 | 0 0 0 0 | 0 0 0 0 | 0 0 0 0 | 0 0 0 0 | 0 0 0 0 | 0 0 0 0 | 0 0 0 0 | 0 0 0 0 | 0 0 0 0 | 0 0 0 0 | 0 0 0 0 
0 0 0 0 | 3 57 83.0 1.25 | 0 0 0 0 | 3 59 91.0 1.3449999809265136 | 3 39 36.0 0.78200001716613765 | 3 63 117.0 1.7620000839233398 | 3 60 103.0 1.4630000114440918 | 3 44 54.0 0.94899997711181638 | 3 61 119.0 1.7420000076293944 | 1 4 -1.0 -1.0 | 0 0 0 0 | 0 0 0 0 | 1 3 -1.0 -1.0 | 0 0 0 0 | 1 1 -1.0 -1.0 | 0 0 0 0 | 0 0 0 0 | 0 0 0 0 | 0 0 0 0 | 0 0 0 0 | 0 0 0 0 | 0 0 0 0 | 0 0 0 0 | 0 0 0 0 | 0 0 0 0 | 0 0 0 0 | 0 0 0 0 | 0 0 0 0 | 0 0 0 0 | 0 0 0 0 | 0 0 0 0 | 0 0 0 0 | 1 1 -1.0 -1.0 | 0 0 0 0 | 2 14 12.0 0.50500001907348635 | 3 35 63.0 0.92799997329711914 | 1 4 -1.0 -1.0 | 1 2 -1.0 -1.0 | 3 22 35.0 0.67100000381469727 | 1 6 -1.0 -1.0 | 1 8 -1.0 -1.0 | 1 4 -1.0 -1.0 | 0 0 0 0 | 0 0 0 0 | 0 0 0 0 | 1 1 -1.0 -1.0 | 0 0 0 0 | 0 0 0 0 | 1 3 -1.0 -1.0 | 3 19 34.0 0.59899997711181641 | 1 7 -1.0 -1.0 | 2 7 6.0 0.49600000381469728 | 2 13 16.0 0.56500000953674312 | 1 5 -1.0 -1.0 | 1 1 -1.0 -1.0 | 1 1 -1.0 -1.0 | 1 9 -1.0 -1.0 | 1 1 -1.0 -1.0 | 0 0 0 0 | 0 0 0 0 | 0 0 0 0 | 0 0 0 0 | 0 0 0 0 | 0 0 0 0 | 1 1 -1.0 -1.0 | 0 0 0 0 | 0 0 0 0 | 0 0 0 0 | 0 0 0 0 | 0 0 0 0 | 0 0 0 0 | 0 0 0 0 | 0 0 0 0 | 0 0 0 0 | 0 0 0 0 
0 0 0 0 | 0 0 0 0 | 3 59 96.0 1.5510000228881835 | 3 52 57.0 1.1539999961853027 | 0 0 0 0 | 0 0 0 0 | 3 44 52.0 0.92399997711181636 | 0 0 0 0 | 1 1 -1.0 -1.0 | 3 51 86.0 1.4649999618530274 | 1 4 -1.0 -1.0 | 0 0 0 0 | 0 0 0 0 | 0 0 0 0 | 0 0 0 0 | 0 0 0 0 | 0 0 0 0 | 0 0 0 0 | 0 0 0 0 | 0 0 0 0 | 0 0 0 0 | 0 0 0 0 | 0 0 0 0 | 0 0 0 0 | 3 38 69.0 1.2460000038146972 | 3 36 62.0 1.0130000114440918 | 0 0 0 0 | 3 40 68.0 1.3529999732971192 | 3 40 68.0 1.0789999961853027 | 3 36 66.0 1.0979999542236327 | 1 3 -1.0 -1.0 | 3 22 20.0 0.67199997901916508 | 3 39 75.0 1.1640000343322754 | 3 33 63.0 0.91499996185302734 | 2 16 14.0 0.57699999809265134 | 1 4 -1.0 -1.0 | 1 3 -1.0 -1.0 | 1 1 -1.0 -1.0 | 1 1 -1.0 -1.0 | 0 0 0 0 | 0 0 0 0 | 0 0 0 0 | 0 0 0 0 | 0 0 0 0 | 0 0 0 0 | 0 0 0 0 | 0 0 0 0 | 0 0 0 0 | 0 0 0 0 | 0 0 0 0 | 0 0 0 0 | 0 0 0 0 | 0 0 0 0 | 1 2 -1.0 -1.0 | 2 15 14.0 0.53499999046325686 | 2 12 7.0 0.52600002288818359 | 1 2 -1.0 -1.0 | 0 0 0 0 | 0 0 0 0 | 0 0 0 0 | 0 0 0 0 | 0 0 0 0 | 1 6 -1.0 -1.0 | 1 3 -1.0 -1.0 | 1 1 -1.0 -1.0 | 0 0 0 0 | 0 0 0 0 
0 0 0 0 | 0 0 0 0 | 3 57 64.0 1.0479999542236329 | 1 1 -1.0 -1.0 | 1 4 -1.0 -1.0 | 3 52 63.0 1.0159999847412109 | 3 6 6.0 1.4130000114440917 | 3 58 75.0 1.1710000038146973 | 3 55 91.0 1.3409999847412108 | 1 3 -1.0 -1.0 | 1 3 -1.0 -1.0 | 1 4 -1.0 -1.0 | 1 2 -1.0 -1.0 | 1 2 -1.0 -1.0 | 0 0 0 0 | 0 0 0 0 | 0 0 0 0 | 0 0 0 0 | 0 0 0 0 | 0 0 0 0 | 0 0 0 0 | 0 0 0 0 | 0 0 0 0 | 0 0 0 0 | 0 0 0 0 | 0 0 0 0 | 0 0 0 0 | 0 0 0 0 | 0 0 0 0 | 0 0 0 0 | 0 0 0 0 | 0 0 0 0 | 0 0 0 0 | 0 0 0 0 | 1 1 -1.0 -1.0 | 0 0 0 0 | 0 0 0 0 | 0 0 0 0 | 0 0 0 0 | 0 0 0 0 | 0 0 0 0 | 1 1 -1.0 -1.0 | 1 1 -1.0 -1.0 | 1 6 -1.0 -1.0 | 1 5 -1.0 -1.0 | 1 3 -1.0 -1.0 | 2 13 11.0 0.58899998664855957 | 2 19 24.0 0.66700000762939449 | 1 2 -1.0 -1.0 | 1 5 -1.0 -1.0 | 0 0 0 0 | 1 4 -1.0 -1.0 | 1 5 -1.0 -1.0 | 1 1 -1.0 -1.0 | 0 0 0 0 | 0 0 0 0 | 0 0 0 0 | 0 0 0 0 | 0 0 0 0 | 0 0 0 0 | 1 1 -1.0 -1.0 | 0 0 0 0 | 0 0 0 0 | 0 0 0 0 | 0 0 0 0 | 0 0 0 0 | 0 0 0 0 | 0 0 0 0 | 0 0 0 0 
0 0 0 0 | 0 0 0 0 | 0 0 0 0 | 0 0 0 0 | 3 54 69.0 1.0640000343322753 | 1 2 -1.0 -1.0 | 3 56 96.0 1.1539999961853027 | 3 61 96.0 1.4859999656677245 | 3 52 78.0 1.240999984741211 | 3 42 40.0 0.9680000305175781 | 3 59 98.0 1.5699999809265137 | 1 4 -1.0 -1.0 | 1 3 -1.0 -1.0 | 0 0 0 0 | 0 0 0 0 | 0 0 0 0 | 0 0 0 0 | 0 0 0 0 | 0 0 0 0 | 0 0 0 0 | 0 0 0 0 | 0 0 0 0 | 0 0 0 0 | 0 0 0 0 | 0 0 0 0 | 0 0 0 0 | 0 0 0 0 | 0 0 0 0 | 0 0 0 0 | 0 0 0 0 | 0 0 0 0 | 0 0 0 0 | 0 0 0 0 | 0 0 0 0 | 0 0 0 0 | 0 0 0 0 | 0 0 0 0 | 0 0 0 0 | 1 1 -1.0 -1.0 | 1 2 -1.0 -1.0 | 1 1 -1.0 -1.0 | 0 0 0 0 | 0 0 0 0 | 0 0 0 0 | 0 0 0 0 | 1 1 -1.0 -1.0 | 0 0 0 0 | 0 0 0 0 | 0 0 0 0 | 1 2 -1.0 -1.0 | 1 6 -1.0 -1.0 | 1 3 -1.0 -1.0 | 1 4 -1.0 -1.0 | 1 3 -1.0 -1.0 | 1 1 -1.0 -1.0 | 1 2 -1.0 -1.0 | 1 2 -1.0 -1.0 | 0 0 0 0 | 0 0 0 0 | 0 0 0 0 | 0 0 0 0 | 0 0 0 0 | 0 0 0 0 | 0 0 0 0 | 0 0 0 0 | 0 0 0 0 | 0 0 0 0 | 0 0 0 0 | 0 0 0 0 | 0 0 0 0 | 0 0 0 0 | 0 0 0 0 | 0 0 0 0 | 0 0 0 0 
0 0 0 0 | 0 0 0 0 | 0 0 0 0 | 3 65 96.0 1.2460000038146972 | 0 0 0 0 | 1 1 -1.0 -1.0 | 3 61 79.0 1.25 | 1 1 -1.0 -1.0 | 3 60 109.0 1.4569999694824218 | 1 3 -1.0 -1.0 | 1 1 -1.0 -1.0 | 3 39 71.0 1.0539999961853028 | 1 1 -1.0 -1.0 | 0 0 0 0 | 0 0 0 0 | 0 0 0 0 | 0 0 0 0 | 0 0 0 0 | 0 0 0 0 | 0 0 0 0 | 0 0 0 0 | 0 0 0 0 | 0 0 0 0 | 0 0 0 0 | 0 0 0 0 | 0 0 0 0 | 0 0 0 0 | 0 0 0 0 | 0 0 0 0 | 0 0 0 0 | 1 1 -1.0 -1.0 | 1 4 -1.0 -1.0 | 0 0 0 0 | 3 39 63.0 1.0239999771118165 | 0 0 0 0 | 0 0 0 0 | 1 3 -1.0 -1.0 | 3 35 63.0 0.91599998474121092 | 1 1 -1.0 -1.0 | 3 35 67.0 1.0329999923706055 | 3 30 50.0 0.85799999237060542 | 2 11 8.0 0.6119999885559082 | 3 33 64.0 0.95299997329711916 | 1 5 -1.0 -1.0 | 1 1 -1.0 -1.0 | 0 0 0 0 | 0 0 0 0 | 0 0 0 0 | 0 0 0 0 | 1 2 -1.0 -1.0 | 0 0 0 0 | 0 0 0 0 | 3 20 25.0 0.60300002098083494 | 1 6 -1.0 -1.0 | 1 3 -1.0 -1.0 | 1 7 -1.0 -1.0 | 1 1 -1.0 -1.0 | 0 0 0 0 | 1 2 -1.0 -1.0 | 1 2 -1.0 -1.0 | 0 0 0 0 | 0 0 0 0 | 0 0 0 0 | 0 0 0 0 | 0 0 0 0 | 0 0 0 0 | 0 0 0 0 | 1 1 -1.0 -1.0 | 1 1 -1.0 -1.0 | 1 1 -1.0 -1.0 | 0 0 0 0 | 0 0 0 0 | 0 0 0 0 | 0 0 0 0 | 0 0 0 0 | 0 0 0 0 | 0 0 0 0 | 0 0 0 0 
0 0 0 0 | 0 0 0 0 | 0 0 0 0 | 3 40 70.0 1.3029999732971191 | 0 0 0 0 | 0 0 0 0 | 0 0 0 0 | 0 0 0 0 | 1 2 -1.0 -1.0 | 0 0 0 0 | 0 0 0 0 | 1 1 -1.0 -1.0 | 0 0 0 0 | 1 1 -1.0 -1.0 | 1 6 -1.0 -1.0 | 1 1 -1.0 -1.0 | 1 3 -1.0 -1.0 | 1 2 -1.0 -1.0 | 3 43 73.5 1.0390000343322754 | 3 67 114.5 1.7020000457763671 | 0 0 0 0 | 0 0 0 0 | 0 0 0 0 | 0 0 0 0 | 0 0 0 0 | 0 0 0 0 | 0 0 0 0 | 0 0 0 0 | 0 0 0 0 | 0 0 0 0 | 0 0 0 0 | 0 0 0 0 | 0 0 0 0 | 0 0 0 0 | 0 0 0 0 | 0 0 0 0 | 0 0 0 0 | 0 0 0 0 | 0 0 0 0 | 0 0 0 0 | 0 0 0 0 | 0 0 0 0 | 1 2 -1.0 -1.0 | 3 20 28.5 0.56300001144409184 | 0 0 0 0 | 0 0 0 0 | 0 0 0 0 | 1 1 -1.0 -1.0 | 1 1 -1.0 -1.0 | 0 0 0 0 | 0 0 0 0 | 0 0 0 0 | 0 0 0 0 | 0 0 0 0 | 0 0 0 0 | 0 0 0 0 | 0 0 0 0 | 0 0 0 0 | 0 0 0 0 | 0 0 0 0 | 0 0 0 0 | 0 0 0 0 | 0 0 0 0 | 0 0 0 0 | 0 0 0 0 | 0 0 0 0 | 0 0 0 0 
1 4 -1.0 -1.0 | 0 0 0 0 | 3 60 77.5 1.2729999542236328 | 3 18 27.0 1.7209999084472656 | 3 61 90.0 1.2539999961853028 | 3 53 71.0 1.2670000076293946 | 3 56 101.0 1.6139999389648438 | 3 52 81.0 1.3479999542236327 | 3 42 47.0 0.67600002288818362 | 1 3 -1.0 -1.0 | 1 2 -1.0 -1.0 | 1 2 -1.0 -1.0 | 0 0 0 0 | 0 0 0 0 | 0 0 0 0 | 0 0 0 0 | 0 0 0 0 | 0 0 0 0 | 0 0 0 0 | 0 0 0 0 | 0 0 0 0 | 0 0 0 0 | 0 0 0 0 | 0 0 0 0 | 0 0 0 0 | 0 0 0 0 | 0 0 0 0 | 0 0 0 0 | 0 0 0 0 | 0 0 0 0 | 1 1 -1.0 -1.0 | 3 38 67.5 1.0239999771118165 | 1 1 -1.0 -1.0 | 1 2 -1.0 -1.0 | 1 3 -1.0 -1.0 | 0 0 0 0 | 1 3 -1.0 -1.0 | 0 0 0 0 | 0 0 0 0 | 0 0 0 0 | 0 0 0 0 | 0 0 0 0 | 0 0 0 0 | 1 2 -1.0 -1.0 | 1 2 -1.0 -1.0 | 1 5 -1.0 -1.0 | 3 21 32.0 0.66999998092651369 | 1 4 -1.0 -1.0 | 1 3 -1.0 -1.0 | 2 14 14.5 0.49699997901916504 | 2 10 9.0 0.45000000000000001 | 1 3 -1.0 -1.0 | 0 0 0 0 | 0 0 0 0 | 0 0 0 0 | 0 0 0 0 | 0 0 0 0 | 0 0 0 0 | 0 0 0 0 | 1 1 -1.0 -1.0 | 0 0 0 0 | 0 0 0 0 | 0 0 0 0 | 0 0 0 0 | 0 0 0 0 | 0 0 0 0 | 0 0 0 0 | 0 0 0 0 | 0 0 0 0 | 0 0 0 0 | 0 0 0 0 
0 0 0 0 | 0 0 0 0 | 1 8 -1.0 -1.0 | 0 0 0 0 | 1 1 -1.0 -1.0 | 3 57 70.0 1.1479999542236328 | 0 0 0 0 | 3 61 85.5 1.3090000152587891 | 1 3 -1.0 -1.0 | 3 62 102.0 1.5600000381469727 | 1 3 -1.0 -1.0 | 1 2 -1.0 -1.0 | 0 0 0 0 | 1 9 -1.0 -1.0 | 3 53 96.5 1.3720000267028809 | 1 3 -1.0 -1.0 | 1 2 -1.0 -1.0 | 1 2 -1.0 -1.0 | 1 2 -1.0 -1.0 | 1 3 -1.0 -1.0 | 1 1 -1.0 -1.0 | 1 2 -1.0 -1.0 | 0 0 0 0 | 0 0 0 0 | 0 0 0 0 | 0 0 0 0 | 0 0 0 0 | 0 0 0 0 | 0 0 0 0 | 0 0 0 0 | 0 0 0 0 | 0 0 0 0 | 0 0 0 0 | 0 0 0 0 | 0 0 0 0 | 0 0 0 0 | 0 0 0 0 | 0 0 0 0 | 1 2 -1.0 -1.0 | 0 0 0 0 | 1 2 -1.0 -1.0 | 3 34 63.0 1.0060000419616699 | 1 1 -1.0 -1.0 | 1 1 -1.0 -1.0 | 1 2 -1.0 -1.0 | 0 0 0 0 | 0 0 0 0 | 1 1 -1.0 -1.0 | 0 0 0 0 | 0 0 0 0 | 1 2 -1.0 -1.0 | 1 3 -1.0 -1.0 | 2 6 5.5 0.49400000572204589 | 1 1 -1.0 -1.0 | 1 2 -1.0 -1.0 | 1 2 -1.0 -1.0 | 1 3 -1.0 -1.0 | 1 2 -1.0 -1.0 | 1 2 -1.0 -1.0 | 0 0 0 0 | 0 0 0 0 | 0 0 0 0 | 0 0 0 0 | 0 0 0 0 | 0 0 0 0 | 0 0 0 0 | 0 0 0 0 | 0 0 0 0 | 0 0 0 0 | 0 0 0 0 | 0 0 0 0 | 0 0 0 0 | 0 0 0 0 | 0 0 0 0 | 0 0 0 0 | 0 0 0 0 | 0 0 0 0 
0 0 0 0 | 0 0 0 0 | 1 2 -1.0 -1.0 | 0 0 0 0 | 1 1 -1.0 -1.0 | 1 1 -1.0 -1.0 | 1 1 -1.0 -1.0 | 3 56 65.5 1.0369999885559082 | 1 1 -1.0 -1.0 | 1 2 -1.0 -1.0 | 1 1 -1.0 -1.0 | 1 1 -1.0 -1.0 | 0 0 0 0 | 0 0 0 0 | 0 0 0 0 | 0 0 0 0 | 0 0 0 0 | 3 39 49.0 0.71599998474121096 | 0 0 0 0 | 0 0 0 0 | 3 41 54.0 0.83100004196166988 | 1 2 -1.0 -1.0 | 0 0 0 0 | 3 42 70.0 1.0079999923706056 | 1 6 -1.0 -1.0 | 3 41 66.0 0.89899997711181645 | 3 69 120.5 2.0399999618530273 | 0 0 0 0 | 0 0 0 0 | 0 0 0 0 | 0 0 0 0 | 0 0 0 0 | 0 0 0 0 | 0 0 0 0 | 0 0 0 0 | 0 0 0 0 | 0 0 0 0 | 0 0 0 0 | 0 0 0 0 | 0 0 0 0 | 0 0 0 0 | 0 0 0 0 | 0 0 0 0 | 0 0 0 0 | 0 0 0 0 | 0 0 0 0 | 0 0 0 0 | 0 0 0 0 | 0 0 0 0 | 0 0 0 0 | 0 0 0 0 | 0 0 0 0 | 0 0 0 0 | 0 0 0 0 | 0 0 0 0 | 0 0 0 0 | 0 0 0 0 | 0 0 0 0 | 0 0 0 0 | 0 0 0 0 | 0 0 0 0 | 0 0 0 0 | 0 0 0 0 | 0 0 0 0 | 0 0 0 0 | 0 0 0 0 | 0 0 0 0 | 0 0 0 0 | 0 0 0 0 
0 0 0 0 | 3 48 50.0 0.88199996948242188 | 0 0 0 0 | 3 51 9.0 1.1390000343322755 | 3 58 80.0 1.1020000457763672 | 1 4 -1.0 -1.0 | 3 54 70.0 0.96400003433227544 | 3 58 94.5 1.6010000228881835 | 1 2 -1.0 -1.0 | 1 2 -1.0 -1.0 | 1 2 -1.0 -1.0 | 1 1 -1.0 -1.0 | 0 0 0 0 | 0 0 0 0 | 0 0 0 0 | 0 0 0 0 | 0 0 0 0 | 0 0 0 0 | 0 0 0 0 | 0 0 0 0 | 0 0 0 0 | 0 0 0 0 | 0 0 0 0 | 0 0 0 0 | 0 0 0 0 | 0 0 0 0 | 0 0 0 0 | 0 0 0 0 | 0 0 0 0 | 0 0 0 0 | 0 0 0 0 | 1 7 -1.0 -1.0 | 1 8 -1.0 -1.0 | 1 5 -1.0 -1.0 | 1 4 -1.0 -1.0 | 1 3 -1.0 -1.0 | 1 3 -1.0 -1.0 | 1 1 -1.0 -1.0 | 0 0 0 0 | 0 0 0 0 | 0 0 0 0 | 0 0 0 0 | 0 0 0 0 | 0 0 0 0 | 0 0 0 0 | 0 0 0 0 | 1 1 -1.0 -1.0 | 1 2 -1.0 -1.0 | 1 1 -1.0 -1.0 | 1 4 -1.0 -1.0 | 1 5 -1.0 -1.0 | 1 2 -1.0 -1.0 | 1 1 -1.0 -1.0 | 0 0 0 0 | 0 0 0 0 | 0 0 0 0 | 0 0 0 0 | 0 0 0 0 | 0 0 0 0 | 0 0 0 0 | 0 0 0 0 | 0 0 0 0 | 0 0 0 0 | 0 0 0 0 | 0 0 0 0 | 0 0 0 0 | 0 0 0 0 | 0 0 0 0 | 0 0 0 0 
0 0 0 0 | 0 0 0 0 | 0 0 0 0 | 1 2 -1.0 -1.0 | 0 0 0 0 | 3 49 50.0 1.0520000457763672 | 0 0 0 0 | 3 54 85.5 1.5819999694824218 | 3 57 82.0 1.39399995803833 | 1 2 -1.0 -1.0 | 3 47 39.0 0.8880000114440918 | 3 53 85.0 1.334000015258789 | 3 54 91.0 1.4630000114440918 | 2 12 13.0 0.66100001335144043 | 1 5 -1.0 -1.0 | 1 6 -1.0 -1.0 | 1 4 -1.0 -1.0 | 1 3 -1.0 -1.0 | 1 3 -1.0 -1.0 | 0 0 0 0 | 0 0 0 0 | 0 0 0 0 | 0 0 0 0 | 0 0 0 0 | 0 0 0 0 | 0 0 0 0 | 0 0 0 0 | 0 0 0 0 | 0 0 0 0 | 0 0 0 0 | 0 0 0 0 | 3 27 43.0 0.92899999618530271 | 3 30 41.5 0.75700001716613774 | 3 72 132.5 2.1260000228881837 | 0 0 0 0 | 0 0 0 0 | 0 0 0 0 | 0 0 0 0 | 0 0 0 0 | 0 0 0 0 | 0 0 0 0 | 0 0 0 0 | 0 0 0 0 | 0 0 0 0 | 0 0 0 0 | 0 0 0 0 | 0 0 0 0 | 0 0 0 0 | 0 0 0 0 | 0 0 0 0 | 0 0 0 0 | 0 0 0 0 | 0 0 0 0 | 0 0 0 0 | 0 0 0 0 | 0 0 0 0 | 0 0 0 0 | 0 0 0 0 | 0 0 0 0 | 0 0 0 0 | 0 0 0 0 | 0 0 0 0 | 0 0 0 0 | 0 0 0 0 | 0 0 0 0 | 0 0 0 0 | 0 0 0 0 | 0 0 0 0 | 0 0 0 0 | 0 0 0 0 | 0 0 0 0 | 0 0 0 0 
0 0 0 0 | 0 0 0 0 | 0 0 0 0 | 0 0 0 0 | 3 47 76.0 1.0369999885559082 | 0 0 0 0 | 3 75 108.0 2.1799999237060548 | 3 52 95.0 1.3529999732971192 | 3 47 82.0 1.3810000419616699 | 0 0 0 0 | 0 0 0 0 | 1 3 -1.0 -1.0 | 1 5 -1.0 -1.0 | 1 1 -1.0 -1.0 | 1 3 -1.0 -1.0 | 1 5 -1.0 -1.0 | 1 4 -1.0 -1.0 | 1 3 -1.0 -1.0 | 1 3 -1.0 -1.0 | 1 7 -1.0 -1.0 | 1 4 -1.0 -1.0 | 1 5 -1.0 -1.0 | 3 38 45.5 0.64499998092651367 | 1 4 -1.0 -1.0 | 3 40 38.0 0.81800003051757808 | 3 75 108.0 2.1799999237060548 | 1 6 -1.0 -1.0 | 0 0 0 0 | 0 0 0 0 | 0 0 0 0 | 0 0 0 0 | 0 0 0 0 | 0 0 0 0 | 0 0 0 0 | 0 0 0 0 | 0 0 0 0 | 0 0 0 0 | 0 0 0 0 | 0 0 0 0 | 1 3 -1.0 -1.0 | 1 3 -1.0 -1.0 | 1 2 -1.0 -1.0 | 1 2 -1.0 -1.0 | 0 0 0 0 | 0 0 0 0 | 0 0 0 0 | 0 0 0 0 | 0 0 0 0 | 1 1 -1.0 -1.0 | 0 0 0 0 | 1 1 -1.0 -1.0 | 1 4 -1.0 -1.0 | 0 0 0 0 | 1 1 -1.0 -1.0 | 0 0 0 0 | 0 0 0 0 | 1 1 -1.0 -1.0 | 0 0 0 0 | 0 0 0 0 | 0 0 0 0 | 0 0 0 0 | 0 0 0 0 | 0 0 0 0 | 0 0 0 0 | 1 2 -1.0 -1.0 | 1 1 -1.0 -1.0 | 0 0 0 0 | 0 0 0 0 | 0 0 0 0 | 0 0 0 0 | 0 0 0 0 | 0 0 0 0 | 0 0 0 0 | 0 0 0 0 | 0 0 0 0 
0 0 0 0 | 3 62 99.5 1.2649999618530274 | 1 2 -1.0 -1.0 | 3 59 73.0 1.3229999542236328 | 3 55 82.0 1.2850000381469726 | 1 1 -1.0 -1.0 | 3 54 75.0 1.0859999656677246 | 3 54 80.0 1.2760000228881836 | 3 61 113.0 1.6479999542236328 | 3 51 85.0 1.1109999656677245 | 3 49 87.0 1.290999984741211 | 1 3 -1.0 -1.0 | 1 1 -1.0 -1.0 | 1 1 -1.0 -1.0 | 0 0 0 0 | 0 0 0 0 | 0 0 0 0 | 0 0 0 0 | 0 0 0 0 | 0 0 0 0 | 0 0 0 0 | 1 1 -1.0 -1.0 | 1 1 -1.0 -1.0 | 3 41 75.0 1.2020000457763671 | 3 43 88.0 1.2649999618530274 | 0 0 0 0 | 0 0 0 0 | 1 2 -1.0 -1.0 | 1 1 -1.0 -1.0 | 1 1 -1.0 -1.0 | 0 0 0 0 | 3 30 50.0 0.77100000381469724 | 0 0 0 0 | 0 0 0 0 | 0 0 0 0 | 3 35 61.0 0.87600002288818357 | 1 1 -1.0 -1.0 | 1 5 -1.0 -1.0 | 0 0 0 0 | 1 6 -1.0 -1.0 | 3 33 70.5 1.0550000190734863 | 3 34 56.0 0.92799997329711914 | 1 2 -1.0 -1.0 | 1 2 -1.0 -1.0 | 1 2 -1.0 -1.0 | 1 2 -1.0 -1.0 | 1 3 -1.0 -1.0 | 1 2 -1.0 -1.0 | 1 1 -1.0 -1.0 | 0 0 0 0 | 0 0 0 0 | 0 0 0 0 | 0 0 0 0 | 0 0 0 0 | 0 0 0 0 | 1 2 -1.0 -1.0 | 1 5 -1.0 -1.0 | 2 13 9.5 0.51700000762939458 | 1 2 -1.0 -1.0 | 1 1 -1.0 -1.0 | 0 0 0 0 | 0 0 0 0 | 0 0 0 0 | 0 0 0 0 | 0 0 0 0 | 0 0 0 0 | 0 0 0 0 | 0 0 0 0 | 0 0 0 0 | 0 0 0 0 | 0 0 0 0 | 0 0 0 0 | 0 0 0 0 | 0 0 0 0 | 0 0 0 0 | 0 0 0 0 | 0 0 0 0 
0 0 0 0 | 0 0 0 0 | 3 49 41.0 0.85699996948242185 | 1 1 -1.0 -1.0 | 3 60 73.0 1.2340000152587891 | 3 62 107.0 1.5430000305175782 | 1 2 -1.0 -1.0 | 3 42 60.0 1.0989999771118164 | 3 63 103.5 1.6840000152587891 | 3 53 79.0 1.3010000228881835 | 3 53 75.5 1.0800000190734864 | 1 3 -1.0 -1.0 | 1 2 -1.0 -1.0 | 1 2 -1.0 -1.0 | 1 2 -1.0 -1.0 | 0 0 0 0 | 0 0 0 0 | 0 0 0 0 | 0 0 0 0 | 0 0 0 0 | 0 0 0 0 | 0 0 0 0 | 0 0 0 0 | 0 0 0 0 | 1 1 -1.0 -1.0 | 0 0 0 0 | 0 0 0 0 | 0 0 0 0 | 0 0 0 0 | 0 0 0 0 | 0 0 0 0 | 0 0 0 0 | 0 0 0 0 | 0 0 0 0 | 1 1 -1.0 -1.0 | 0 0 0 0 | 0 0 0 0 | 1 3 -1.0 -1.0 | 0 0 0 0 | 1 1 -1.0 -1.0 | 0 0 0 0 | 0 0 0 0 | 0 0 0 0 | 1 1 -1.0 -1.0 | 1 1 -1.0 -1.0 | 1 7 -1.0 -1.0 | 1 3 -1.0 -1.0 | 3 19 20.0 0.61399998664855959 | 1 6 -1.0 -1.0 | 3 17 23.0 0.67600002288818362 | 2 13 16.5 0.58899998664855957 | 3 19 29.5 0.59000000953674314 | 1 1 -1.0 -1.0 | 0 0 0 0 | 1 3 -1.0 -1.0 | 1 1 -1.0 -1.0 | 0 0 0 0 | 0 0 0 0 | 0 0 0 0 | 0 0 0 0 | 0 0 0 0 | 1 2 -1.0 -1.0 | 1 2 -1.0 -1.0 | 1 2 -1.0 -1.0 | 1 2 -1.0 -1.0 | 1 1 -1.0 -1.0 | 0 0 0 0 | 0 0 0 0 | 0 0 0 0 | 0 0 0 0 | 0 0 0 0 | 0 0 0 0 | 0 0 0 0 | 0 0 0 0 | 0 0 0 0 
0 0 0 0 | 0 0 0 0 | 3 48 69.5 1.1550000190734864 | 3 44 73.0 1.2140000343322754 | 1 1 -1.0 -1.0 | 3 45 55.0 0.90900001525878904 | 1 2 -1.0 -1.0 | 3 30 53.5 1.6030000686645507 | 3 58 83.0 1.1739999771118164 | 3 57 83.5 1.5079999923706056 | 2 24 19.0 0.71999998092651363 | 1 1 -1.0 -1.0 | 0 0 0 0 | 0 0 0 0 | 0 0 0 0 | 0 0 0 0 | 0 0 0 0 | 0 0 0 0 | 0 0 0 0 | 0 0 0 0 | 0 0 0 0 | 0 0 0 0 | 0 0 0 0 | 0 0 0 0 | 0 0 0 0 | 0 0 0 0 | 0 0 0 0 | 3 44 80.0 1.3090000152587891 | 3 43 76.5 1.4020000457763673 | 3 32 47.0 0.92500000000000004 | 3 77 144.5 2.1389999389648437 | 0 0 0 0 | 0 0 0 0 | 0 0 0 0 | 0 0 0 0 | 0 0 0 0 | 0 0 0 0 | 0 0 0 0 | 0 0 0 0 | 1 1 -1.0 -1.0 | 0 0 0 0 | 0 0 0 0 | 0 0 0 0 | 0 0 0 0 | 0 0 0 0 | 0 0 0 0 | 0 0 0 0 | 0 0 0 0 | 0 0 0 0 | 0 0 0 0 | 0 0 0 0 | 3 23 37.5 0.62699999809265139 | 1 2 -1.0 -1.0 | 0 0 0 0 | 0 0 0 0 | 1 3 -1.0 -1.0 | 1 2 -1.0 -1.0 | 1 1 -1.0 -1.0 | 0 0 0 0 | 0 0 0 0 | 0 0 0 0 | 0 0 0 0 | 0 0 0 0 | 0 0 0 0 | 1 1 -1.0 -1.0 | 0 0 0 0 | 0 0 0 0 | 1 1 -1.0 -1.0 | 0 0 0 0 | 0 0 0 0 | 0 0 0 0 | 0 0 0 0 | 0 0 0 0 | 0 0 0 0 | 0 0 0 0 | 0 0 0 0 | 0 0 0 0 
0 0 0 0 | 0 0 0 0 | 1 4 -1.0 -1.0 | 3 59 89.0 1.4380000114440918 | 1 10 -1.0 -1.0 | 3 53 72.0 1.2949999809265136 | 3 57 90.0 1.5420000076293945 | 3 62 86.0 1.2579999923706056 | 3 57 87.0 1.3409999847412108 | 3 58 63.0 1.5439999580383301 | 3 51 82.0 1.1279999732971191 | 1 9 -1.0 -1.0 | 0 0 0 0 | 1 3 -1.0 -1.0 | 0 0 0 0 | 1 2 -1.0 -1.0 | 0 0 0 0 | 0 0 0 0 | 0 0 0 0 | 0 0 0 0 | 0 0 0 0 | 0 0 0 0 | 0 0 0 0 | 0 0 0 0 | 0 0 0 0 | 0 0 0 0 | 0 0 0 0 | 0 0 0 0 | 0 0 0 0 | 0 0 0 0 | 0 0 0 0 | 0 0 0 0 | 0 0 0 0 | 0 0 0 0 | 0 0 0 0 | 0 0 0 0 | 0 0 0 0 | 1 1 -1.0 -1.0 | 1 2 -1.0 -1.0 | 0 0 0 0 | 0 0 0 0 | 0 0 0 0 | 0 0 0 0 | 1 2 -1.0 -1.0 | 3 21 33.0 0.65599999427795408 | 1 3 -1.0 -1.0 | 3 22 42.0 0.70999999046325679 | 3 20 36.5 0.68899998664855955 | 3 18 24.0 0.54600000381469727 | 2 11 17.0 0.55399999618530271 | 3 18 26.0 0.55100002288818362 | 2 12 13.5 0.50700001716613774 | 1 1 -1.0 -1.0 | 1 5 -1.0 -1.0 | 1 4 -1.0 -1.0 | 0 0 0 0 | 0 0 0 0 | 0 0 0 0 | 0 0 0 0 | 0 0 0 0 | 0 0 0 0 | 1 1 -1.0 -1.0 | 0 0 0 0 | 0 0 0 0 | 0 0 0 0 | 0 0 0 0 | 0 0 0 0 | 0 0 0 0 | 0 0 0 0 | 0 0 0 0 | 0 0 0 0 | 0 0 0 0 | 0 0 0 0 | 0 0 0 0 
0 0 0 0 | 0 0 0 0 | 3 52 78.0 1.3159999847412109 | 3 51 87.0 1.2640000343322755 | 1 1 -1.0 -1.0 | 3 58 84.0 1.3310000419616699 | 1 2 -1.0 -1.0 | 3 49 48.0 1.1539999961853027 | 3 59 98.0 1.4710000038146973 | 1 1 -1.0 -1.0 | 1 3 -1.0 -1.0 | 1 1 -1.0 -1.0 | 0 0 0 0 | 0 0 0 0 | 0 0 0 0 | 0 0 0 0 | 0 0 0 0 | 0 0 0 0 | 0 0 0 0 | 0 0 0 0 | 0 0 0 0 | 0 0 0 0 | 3 46 90.5 1.1859999656677247 | 0 0 0 0 | 3 44 82.5 1.1880000114440918 | 1 3 -1.0 -1.0 | 1 1 -1.0 -1.0 | 0 0 0 0 | 0 0 0 0 | 0 0 0 0 | 0 0 0 0 | 0 0 0 0 | 0 0 0 0 | 0 0 0 0 | 0 0 0 0 | 3 40 91.0 1.2510000228881837 | 1 2 -1.0 -1.0 | 3 38 64.0 0.9869999885559082 | 3 28 62.0 0.95399999618530273 | 1 4 -1.0 -1.0 | 3 36 75.0 0.98299999237060542 | 3 27 44.0 0.74600000381469722 | 3 21 19.5 0.59400000572204592 | 1 2 -1.0 -1.0 | 1 1 -1.0 -1.0 | 0 0 0 0 | 0 0 0 0 | 1 4 -1.0 -1.0 | 0 0 0 0 | 1 4 -1.0 -1.0 | 1 2 -1.0 -1.0 | 1 3 -1.0 -1.0 | 0 0 0 0 | 0 0 0 0 | 0 0 0 0 | 0 0 0 0 | 1 5 -1.0 -1.0 | 2 9 17.0 0.55900001525878906 | 3 22 36.0 0.55700001716613767 | 0 0 0 0 | 1 2 -1.0 -1.0 | 1 1 -1.0 -1.0 | 1 1 -1.0 -1.0 | 0 0 0 0 | 0 0 0 0 | 0 0 0 0 | 0 0 0 0 | 0 0 0 0 | 0 0 0 0 | 0 0 0 0 | 0 0 0 0 | 1 1 -1.0 -1.0 | 1 1 -1.0 -1.0 | 0 0 0 0 | 0 0 0 0 | 0 0 0 0 | 0 0 0 0 | 0 0 0 0 | 0 0 0 0 | 0 0 0 0 | 0 0 0 0 
0 0 0 0 | 0 0 0 0 | 3 50 65.0 0.91599998474121092 | 3 39 62.0 1.231999969482422 | 3 54 84.5 1.56899995803833 | 3 58 88.5 1.2329999923706054 | 1 2 -1.0 -1.0 | 1 2 -1.0 -1.0 | 1 2 -1.0 -1.0 | 1 1 -1.0 -1.0 | 0 0 0 0 | 0 0 0 0 | 0 0 0 0 | 0 0 0 0 | 0 0 0 0 | 0 0 0 0 | 0 0 0 0 | 0 0 0 0 | 0 0 0 0 | 0 0 0 0 | 0 0 0 0 | 0 0 0 0 | 0 0 0 0 | 0 0 0 0 | 0 0 0 0 | 0 0 0 0 | 0 0 0 0 | 0 0 0 0 | 0 0 0 0 | 1 1 -1.0 -1.0 | 3 57 54.5 0.81800003051757808 | 1 2 -1.0 -1.0 | 1 5 -1.0 -1.0 | 1 8 -1.0 -1.0 | 0 0 0 0 | 1 4 -1.0 -1.0 | 0 0 0 0 | 0 0 0 0 | 3 26 45.0 0.62100000381469722 | 1 1 -1.0 -1.0 | 1 2 -1.0 -1.0 | 1 7 -1.0 -1.0 | 0 0 0 0 | 3 25 49.5 0.77600002288818359 | 1 10 -1.0 -1.0 | 3 18 21.0 0.53899998664855953 | 3 20 33.5 0.67199997901916508 | 1 1 -1.0 -1.0 | 1 1 -1.0 -1.0 | 1 1 -1.0 -1.0 | 1 2 -1.0 -1.0 | 1 3 -1.0 -1.0 | 1 1 -1.0 -1.0 | 0 0 0 0 | 0 0 0 0 | 0 0 0 0 | 0 0 0 0 | 0 0 0 0 | 0 0 0 0 | 0 0 0 0 | 0 0 0 0 | 0 0 0 0 | 0 0 0 0 | 0 0 0 0 | 0 0 0 0 | 0 0 0 0 | 0 0 0 0 | 0 0 0 0 | 0 0 0 0 | 0 0 0 0 
0 0 0 0 | 0 0 0 0 | 0 0 0 0 | 0 0 0 0 | 3 57 84.0 1.2119999885559083 | 1 2 -1.0 -1.0 | 3 55 75.0 1.3710000038146972 | 3 54 72.0 1.1619999885559082 | 3 60 98.0 1.9729999542236327 | 3 54 82.0 1.4329999923706054 | 3 51 72.0 1.1979999542236328 | 3 54 87.0 1.5369999885559082 | 1 3 -1.0 -1.0 | 1 2 -1.0 -1.0 | 1 2 -1.0 -1.0 | 0 0 0 0 | 0 0 0 0 | 0 0 0 0 | 0 0 0 0 | 0 0 0 0 | 0 0 0 0 | 0 0 0 0 | 0 0 0 0 | 0 0 0 0 | 0 0 0 0 | 0 0 0 0 | 0 0 0 0 | 0 0 0 0 | 0 0 0 0 | 0 0 0 0 | 0 0 0 0 | 0 0 0 0 | 0 0 0 0 | 0 0 0 0 | 0 0 0 0 | 0 0 0 0 | 1 2 -1.0 -1.0 | 1 2 -1.0 -1.0 | 3 22 24.5 0.56500000953674312 | 3 18 20.0 0.67699999809265132 | 0 0 0 0 | 1 2 -1.0 -1.0 | 0 0 0 0 | 0 0 0 0 | 3 26 41.0 0.77199997901916506 | 1 5 -1.0 -1.0 | 1 3 -1.0 -1.0 | 1 3 -1.0 -1.0 | 1 9 -1.0 -1.0 | 1 5 -1.0 -1.0 | 1 2 -1.0 -1.0 | 0 0 0 0 | 0 0 0 0 | 1 3 -1.0 -1.0 | 1 2 -1.0 -1.0 | 0 0 0 0 | 1 2 -1.0 -1.0 | 0 0 0 0 | 0 0 0 0 | 0 0 0 0 | 0 0 0 0 | 0 0 0 0 | 0 0 0 0 | 0 0 0 0 | 0 0 0 0 | 0 0 0 0 | 0 0 0 0 | 0 0 0 0 | 0 0 0 0 | 0 0 0 0 
0 0 0 0 | 0 0 0 0 | 3 42 32.0 0.77199997901916506 | 0 0 0 0 | 3 51 51.0 1.1380000114440918 | 3 51 44.0 0.76599998474121089 | 3 57 96.0 1.7920000076293945 | 3 20 22.0 0.66900000572204588 | 3 60 98.0 1.5619999885559082 | 3 56 83.0 1.3109999656677247 | 2 12 14.0 0.62300000190734861 | 3 56 95.5 1.6450000762939454 | 3 28 32.5 0.78899998664855953 | 3 48 69.5 1.1390000343322755 | 1 3 -1.0 -1.0 | 0 0 0 0 | 1 3 -1.0 -1.0 | 1 2 -1.0 -1.0 | 1 3 -1.0 -1.0 | 1 2 -1.0 -1.0 | 1 1 -1.0 -1.0 | 1 2 -1.0 -1.0 | 0 0 0 0 | 0 0 0 0 | 0 0 0 0 | 0 0 0 0 | 0 0 0 0 | 0 0 0 0 | 0 0 0 0 | 0 0 0 0 | 0 0 0 0 | 0 0 0 0 | 0 0 0 0 | 0 0 0 0 | 0 0 0 0 | 0 0 0 0 | 0 0 0 0 | 0 0 0 0 | 3 29 36.5 0.81199998855590816 | 1 3 -1.0 -1.0 | 1 3 -1.0 -1.0 | 3 24 39.5 0.74800000190734861 | 0 0 0 0 | 0 0 0 0 | 0 0 0 0 | 0 0 0 0 | 0 0 0 0 | 0 0 0 0 | 1 1 -1.0 -1.0 | 1 1 -1.0 -1.0 | 0 0 0 0 | 0 0 0 0 | 1 3 -1.0 -1.0 | 0 0 0 0 | 2 13 12.0 0.58000001907348631 | 3 16 21.0 0.63099999427795406 | 1 5 -1.0 -1.0 | 1 3 -1.0 -1.0 | 1 2 -1.0 -1.0 | 1 2 -1.0 -1.0 | 0 0 0 0 | 0 0 0 0 | 0 0 0 0 | 0 0 0 0 | 0 0 0 0 | 0 0 0 0 | 0 0 0 0 | 0 0 0 0 | 0 0 0 0 | 0 0 0 0 | 0 0 0 0 | 0 0 0 0 | 0 0 0 0 | 0 0 0 0 | 0 0 0 0 | 0 0 0 0 
0 0 0 0 | 0 0 0 0 | 0 0 0 0 | 3 59 61.0 1.365999984741211 | 0 0 0 0 | 1 1 -1.0 -1.0 | 1 1 -1.0 -1.0 | 0 0 0 0 | 1 3 -1.0 -1.0 | 1 2 -1.0 -1.0 | 1 2 -1.0 -1.0 | 3 57 90.0 1.3630000114440919 | 1 3 -1.0 -1.0 | 1 2 -1.0 -1.0 | 1 2 -1.0 -1.0 | 1 1 -1.0 -1.0 | 1 1 -1.0 -1.0 | 3 52 87.5 1.3239999771118165 | 1 5 -1.0 -1.0 | 3 43 69.5 1.0640000343322753 | 3 44 70.5 1.0279999732971192 | 1 9 -1.0 -1.0 | 1 1 -1.0 -1.0 | 0 0 0 0 | 0 0 0 0 | 0 0 0 0 | 0 0 0 0 | 0 0 0 0 | 0 0 0 0 | 3 41 83.0 1.14399995803833 | 1 2 -1.0 -1.0 | 1 4 -1.0 -1.0 | 3 39 77.0 1.1470000267028808 | 1 2 -1.0 -1.0 | 3 31 50.0 0.72199997901916502 | 1 3 -1.0 -1.0 | 0 0 0 0 | 1 2 -1.0 -1.0 | 0 0 0 0 | 0 0 0 0 | 0 0 0 0 | 0 0 0 0 | 0 0 0 0 | 0 0 0 0 | 0 0 0 0 | 0 0 0 0 | 0 0 0 0 | 0 0 0 0 | 1 2 -1.0 -1.0 | 1 1 -1.0 -1.0 | 1 1 -1.0 -1.0 | 0 0 0 0 | 0 0 0 0 | 1 1 -1.0 -1.0 | 0 0 0 0 | 0 0 0 0 | 0 0 0 0 | 0 0 0 0 | 0 0 0 0 | 0 0 0 0 | 0 0 0 0 | 0 0 0 0 | 0 0 0 0 | 0 0 0 0 | 0 0 0 0 | 0 0 0 0 | 0 0 0 0 | 0 0 0 0 | 0 0 0 0 | 0 0 0 0 | 0 0 0 0 
0 0 0 0 | 0 0 0 0 | 3 57 82.0 1.2630000114440918 | 0 0 0 0 | 0 0 0 0 | 1 2 -1.0 -1.0 | 0 0 0 0 | 3 51 67.0 1.1520000457763673 | 1 2 -1.0 -1.0 | 0 0 0 0 | 3 50 81.5 1.115999984741211 | 1 3 -1.0 -1.0 | 0 0 0 0 | 0 0 0 0 | 0 0 0 0 | 0 0 0 0 | 0 0 0 0 | 0 0 0 0 | 0 0 0 0 | 0 0 0 0 | 1 2 -1.0 -1.0 | 2 18 13.0 0.65500001907348637 | 3 46 75.0 1.0960000038146973 | 1 3 -1.0 -1.0 | 3 44 71.0 1.0390000343322754 | 1 1 -1.0 -1.0 | 0 0 0 0 | 1 1 -1.0 -1.0 | 0 0 0 0 | 0 0 0 0 | 0 0 0 0 | 0 0 0 0 | 3 38 63.0 0.88000001907348635 | 0 0 0 0 | 3 31 33.5 0.65300002098083498 | 3 36 52.5 0.80200004577636719 | 3 33 48.0 0.81599998474121094 | 3 36 54.5 0.81800003051757808 | 3 29 43.5 0.71500000953674314 | 1 4 -1.0 -1.0 | 3 33 57.0 0.75100002288818357 | 1 4 -1.0 -1.0 | 1 3 -1.0 -1.0 | 0 0 0 0 | 0 0 0 0 | 0 0 0 0 | 0 0 0 0 | 0 0 0 0 | 0 0 0 0 | 0 0 0 0 | 0 0 0 0 | 0 0 0 0 | 1 6 -1.0 -1.0 | 1 4 -1.0 -1.0 | 1 2 -1.0 -1.0 | 1 2 -1.0 -1.0 | 1 1 -1.0 -1.0 | 1 1 -1.0 -1.0 | 1 1 -1.0 -1.0 | 0 0 0 0 | 0 0 0 0 | 0 0 0 0 | 0 0 0 0 | 0 0 0 0 | 0 0 0 0 | 0 0 0 0 | 1 1 -1.0 -1.0 | 0 0 0 0 | 0 0 0 0 | 0 0 0 0 | 0 0 0 0 | 0 0 0 0 | 0 0 0 0 | 0 0 0 0 | 0 0 0 0 | 0 0 0 0 | 0 0 0 0 | 0 0 0 0 
